   0.0000000000000000     
   6.3466520020456024E-002
  0.12693304004091205     
  0.19039956006136807     
  0.25386608008182410     
  0.31733260010228015     
  0.38079912012273615     
  0.44426564014319214     
  0.50773216016364819     
  0.57119868018410425     
  0.63466520020456030     
  0.69813172022501624     
  0.76159824024547229     
  0.82506476026592834     
  0.88853128028638428     
  0.95199780030684034     
   1.0154643203272964     
   1.0789308403477524     
   1.1423973603682085     
   1.2058638803886645     
   1.2693304004091206     
   1.3327969204295764     
   1.3962634404500325     
   1.4597299604704885     
   1.5231964804909446     
   1.5866630005114006     
   1.6501295205318567     
   1.7135960405523127     
   1.7770625605727686     
   1.8405290805932246     
   1.9039956006136807     
   1.9674621206341367     
   2.0309286406545928     
   2.0943951606750488     
   2.1578616806955049     
   2.2213282007159609     
   2.2847947207364170     
   2.3482612407568730     
   2.4117277607773291     
   2.4751942807977851     
   2.5386608008182412     
   2.6021273208386968     
   2.6655938408591529     
   2.7290603608796089     
   2.7925268809000650     
   2.8559934009205210     
   2.9194599209409771     
   2.9829264409614331     
   3.0463929609818892     
   3.1098594810023452     
   3.1733260010228013     
   3.2367925210432573     
   3.3002590410637134     
   3.3637255610841694     
   3.4271920811046255     
   3.4906586011250815     
   3.5541251211455371     
   3.6175916411659932     
   3.6810581611864492     
   3.7445246812069053     
   3.8079912012273613     
   3.8714577212478174     
   3.9349242412682734     
   3.9983907612887295     
   4.0618572813091856     
   4.1253238013296416     
   4.1887903213500977     
   4.2522568413705537     
   4.3157233613910098     
   4.3791898814114658     
   4.4426564014319219     
   4.5061229214523779     
   4.5695894414728340     
   4.6330559614932900     
   4.6965224815137461     
   4.7599890015342021     
   4.8234555215546582     
   4.8869220415751142     
   4.9503885615955703     
   5.0138550816160263     
   5.0773216016364824     
   5.1407881216569375     
   5.2042546416773936     
   5.2677211616978497     
   5.3311876817183057     
   5.3946542017387618     
   5.4581207217592178     
   5.5215872417796739     
   5.5850537618001299     
   5.6485202818205860     
   5.7119868018410420     
   5.7754533218614981     
   5.8389198418819541     
   5.9023863619024102     
   5.9658528819228662     
   6.0293194019433223     
   6.0927859219637783     
   6.1562524419842344     
   6.2197189620046904     
   6.2831854820251465     
