   5.0080886938971201     
   5.0080886938971201     
   5.0080886938971201     
   5.0080886938971201     
   5.0080886938971201     
   5.0080886938971201     
   5.0080886938971201     
   5.0080886938971201     
   5.0080886938971201     
   5.0080886938971201     
   5.0080886938971201     
   5.0080886938971201     
   5.0080886938971201     
   5.0080886938971201     
   5.0080886938971201     
   5.0080886938971201     
   5.0080886938971201     
   5.0080886938971201     
   5.0080886938971201     
   5.0080886938971201     
   5.0080886938971201     
   5.0080886938971201     
   5.0080886938971201     
   5.0080886938971201     
   5.0080886938971201     
   5.0080886938971201     
   5.0080886938971201     
   5.0080886938971201     
   5.0080886938971201     
   5.0080886938971201     
   5.0080886938971201     
   5.0080886938971201     
   5.0080886938971201     
   5.0080886938971201     
   5.0080886938971201     
   5.0080886938971201     
   5.0080886938971201     
   5.0080886938971201     
   5.0080886938971201     
   5.0080886938971201     
   5.0080886938971201     
   5.0080886938971201     
   5.0080886938971201     
   5.0080886938971201     
   5.0080886938971201     
   5.0080886938971201     
   5.0080886938971201     
   5.0080886938971201     
   5.0080886938971201     
   5.0080886938971201     
   5.0080886938971201     
   5.0080886938971201     
   5.0080886938971201     
   5.0080886938971201     
   5.0080886938971201     
   5.0080886938971201     
   5.0080886938971201     
   5.0080886938971201     
   5.0080886938971201     
   5.0080886938971201     
   5.0080886938971201     
   5.0080886938971201     
   5.0080886938971201     
   5.0080886938971201     
   5.0080886938971201     
   5.0080886938971201     
   5.0080886938971201     
   5.0464507537497196     
   5.0466247887811644     
   5.0464507187307461     
   5.0459300904810140     
   5.0450675299698018     
   5.0438707059285397     
   5.0423502695285567     
   5.0405197699294035     
   5.0383955457405127     
   5.0359965924577015     
   5.0333444060349457     
   5.0304628029146885     
   5.0273777170790073     
   5.0241169750049961     
   5.0207100498072288     
   5.0171877963139995     
   5.0135821693273748     
   5.0099259278262291     
   5.0062523283473137     
   5.0025948111824130     
   4.9989866833237704     
   4.9954608022485711     
   4.9920492646409320     
   4.9887831040057895     
   4.9856920008458125     
   4.9828040086744361     
   4.9801452986588313     
   4.9777399251637720     
   4.9756096139392625     
   4.9737735741963505     
   4.9722483353748679     
   4.9710476090442937     
   4.9701821761050420     
   4.9696597992746314     
   4.9694851607452444     
   4.9696598248741362     
   4.9701822257985109     
   4.9710476799317593     
   4.9722484233750048     
   4.9737736743441694     
   4.9756097207448624     
   4.9777400330046317     
   4.9801454021769080     
   4.9828041031505004     
   4.9856920825265449     
   4.9887831703634387     
   4.9920493145500346     
   4.9954608360688395     
   4.9989867028823900     
   5.0025948196529422     
   5.0062523300264656     
   5.0099259278148836     
   5.0135821731285235     
   5.0171878093681723     
   5.0207100769948934     
   5.0241170201539793     
   5.0273777825218060     
   5.0304628891433456     
   5.0333445114986128     
   5.0359967135388723     
   5.0383956769304419     
   5.0405199042025375     
   5.0423503988924709     
   5.0438708221028890     
   5.0450676251288176     
   5.0459301579821698     
   5.0464507537497196     
   5.0809772556275004     
   5.0813076589953283     
   5.0809771745993233     
   5.0799887293372796     
   5.0783510736230495     
   5.0760787118470514     
   5.0731917872916483     
   5.0697159221299941     
   5.0656820131632818     
   5.0611259838787621     
   5.0560884933098951     
   5.0506146021460063     
   5.0447533966682574     
   5.0385575714543220     
   5.0320829724292500     
   5.0253881027296439     
   5.0185335949321326     
   5.0115816543782969     
   5.0045954794892218     
   4.9976386659821488     
   4.9907746026722997     
   4.9840658669864899     
   4.9775736283928875     
   4.9713570676675536     
   4.9654728193168181     
   4.9599744436297364     
   4.9549119338380949     
   4.9503312628076745     
   4.9462739726595890     
   4.9427768097925737     
   4.9398714069914229     
   4.9375840136850258     
   4.9359352749601451     
   4.9349400596278814     
   4.9346073374523050     
   4.9349401055544346     
   4.9359353639699783     
   4.9375841403399043     
   4.9398715637262436     
   4.9427769875502108     
   4.9462741616224832     
   4.9503314531491114     
   4.9549121164204317     
   4.9599746105919111     
   4.9654729645168176     
   4.9713571869726527     
   4.9775737198348819     
   4.9840659308140962     
   4.9907746413332967     
   4.9976386840527320     
   5.0045954835417614     
   5.0115816527506407     
   5.0185335973435787     
   5.0253881196906924     
   5.0320830144189612     
   5.0385576478872984     
   5.0447535147327081     
   5.0506147656501650     
   5.0560887017115022     
   5.0611262316799257     
   5.0656822898256735     
   5.0697162126048543     
   5.0731920731734110     
   5.0760789730619775     
   5.0783512904710335     
   5.0799888846335124     
   5.0809772556275004     
   5.1121381474285750     
   5.1126094703248297     
   5.1121380072616542     
   5.1107279244475414     
   5.1083916723590965     
   5.1051498834729339     
   5.1010312046079624     
   5.0960720663606764     
   5.0903163920536976     
   5.0838152480197927     
   5.0766264361759452     
   5.0688140290457211     
   5.0604478469749576     
   5.0516028774622228     
   5.0423586373611666     
   5.0327984801475560     
   5.0230088523236178     
   5.0130785051413502     
   5.0030976699224778     
   4.9931572070964041     
   4.9833477404605846     
   4.9737587889432353     
   4.9644779082542119     
   4.9555898542786032     
   4.9471757790146160     
   4.9393124684506287     
   4.9320716302006931     
   4.9255192371401275     
   4.9197149318341316     
   4.9147114953186204     
   4.9105543828167644     
   4.9072813282588630     
   4.9049220189834681     
   4.9034978416721504     
   4.9030217003344507     
   4.9034979069458089     
   4.9049221451073945     
   4.9072815068344422     
   4.9105546023078945     
   4.9147117421713915     
   4.9197151917378283     
   4.9255194962740747     
   4.9320718763157441     
   4.9393126916602599     
   4.9471759722215509     
   4.9555900132378605     
   4.9644780313593992     
   4.9737588768946797     
   4.9833477959997632     
   4.9931572349490372     
   5.0030976769842148     
   5.0130785007974428     
   5.0230088486699938     
   5.0327984918279718     
   5.0423586807825034     
   5.0516029692898154     
   5.0604480020012605     
   5.0688142577122672     
   5.0766267421609186     
   5.0838156263527807     
   5.0903168281804438     
   5.0960725364643435     
   5.1010316773164250     
   5.1051503228640351     
   5.1083920419435023     
   5.1107281915994509     
   5.1121381474285750     
   5.1403650316313083     
   5.1409638400265498     
   5.1403648184006663     
   5.1385732535428774     
   5.1356049362548379     
   5.1314860249173480     
   5.1262528248479819     
   5.1199514896083249     
   5.1126376499168664     
   5.1043759739109902     
   5.0952396599771710     
   5.0853098611308241     
   5.0746750386656734     
   5.0634302428249836     
   5.0516763195346339     
   5.0395190445124314     
   5.0270681889760134     
   5.0144365243619609     
   5.0017387766071080     
   4.9890905432987989     
   4.9766071890577059     
   4.9644027356265923     
   4.9525887631962604     
   4.9412733385879806     
   4.9305599842749821     
   4.9205467001895471     
   4.9113250481315944     
   4.9029793065887626     
   4.8955857020233413     
   4.8892117212413266     
   4.8839155083678225     
   4.8797453492182008     
   4.8767392454313265     
   4.8749245805068435     
   4.8743178796940549     
   4.8749246653533440     
   4.8767394088648066     
   4.8797455794246432     
   4.8839157892751102     
   4.8892120342174099     
   4.8955860277591272     
   4.9029796269489925     
   4.9113253477578951     
   4.9205469676374323     
   4.9305602124946004     
   4.9412735246620922     
   4.9525889074427178     
   4.9644028404043699     
   4.9766072577757221     
   4.9890905801046932     
   5.0017387869872634     
   5.0144365164851514     
   5.0270681752231994     
   5.0395190424311460     
   5.0516763515380196     
   5.0634303342953730     
   5.0746752145843912     
   5.0853101417700133     
   5.0952400564366975     
   5.1043764843381627     
   5.1126382571568003     
   5.1199521608611720     
   5.1262535136810481     
   5.1314866756760029     
   5.1356054905141786     
   5.1385736577766163     
   5.1403650316313083     
   5.1660424037210237     
   5.1667570482799157     
   5.1660421027114145     
   5.1639038749000372     
   5.1603611923604298     
   5.1554452280570420     
   5.1491992238688375     
   5.1416781241368996     
   5.1329481300042854     
   5.1230861806578938     
   5.1121793620923999     
   5.1003242396065360     
   5.0876261081325360     
   5.0741981549069939     
   5.0601605313715456     
   5.0456393347338073     
   5.0307655036624546     
   5.0156736367568753     
   5.0005007464895659     
   4.9853849649701347     
   4.9704642206791432     
   4.9558749068062085     
   4.9417505617619462     
   4.9282205809662294     
   4.9154089766378499     
   4.9034331996286413     
   4.8924030348165122     
   4.8824195793798255     
   4.8735743113968146     
   4.8659482545960326     
   4.8596112437790646     
   4.8546212945805465     
   4.8510240808949847     
   4.8488525233456565     
   4.8481264922386176     
   4.8488526281189985     
   4.8510242820929488     
   4.8546215765953056     
   4.8596115856507378     
   4.8659486323465631     
   4.8735747004675574     
   4.8824199569901117     
   4.8924033821119801     
   4.9034335033830869     
   4.9154092301133492     
   4.9282207835341012     
   4.9417507171947390     
   4.9558750207131075     
   4.9704642980925140     
   4.9853850092445411     
   5.0005007602494711     
   5.0156736247451512     
   5.0307654764027712     
   5.0456393113970064     
   5.0601605403969119     
   5.0741982316860046     
   5.0876262900354146     
   5.1003245593846529     
   5.1121798409800583     
   5.1230868223812074     
   5.1329489166370976     
   5.1416790145538380     
   5.1492001554564331     
   5.1554461221613019     
   5.1603619634318987     
   5.1639044423890965     
   5.1660424037210237     
   5.1895059410659945     
   5.1903263241221715     
   5.1895055363608931     
   5.1870508240771231     
   5.1829837962516088     
   5.1773402067675747     
   5.1701696166488764     
   5.1615349585505284     
   5.1515120214035406     
   5.1401888637235897     
   5.1276651538547213     
   5.1140514281278548     
   5.0994682554233304     
   5.0840452985528071     
   5.0679202674341992     
   5.0512377643421713     
   5.0341480265348864     
   5.0168055762065116     
   4.9993677922942954     
   4.9819934231462737     
   4.9648410627778654     
   4.9480676154700447     
   4.9318267732108616     
   4.9162675281947328     
   4.9015327392381352     
   4.8877577676705108     
   4.8750691956737287     
   4.8635836381242585     
   4.8534066572666346     
   4.8446317876677796     
   4.8373396770174759     
   4.8315973470014013     
   4.8274575781507671     
   4.8249584231751692     
   4.8241228540655401     
   4.8249585482165855     
   4.8274578173612124     
   4.8315976804451592     
   4.8373400786135630     
   4.8446322282965806     
   4.8534071075087954     
   4.8635840706711591     
   4.8750695877390244     
   4.8877581034300093     
   4.9015330116531297     
   4.9162677391356810     
   4.9318269311324814     
   4.9480677310213697     
   4.9648411440623672     
   4.9819934729954856     
   4.9993678093069773     
   5.0168055595961523     
   5.0341479828883662     
   5.0512377132872706     
   5.0679202435474915     
   5.0840453483873027     
   5.0994684304038778     
   5.1140517752780381     
   5.1276657064363542     
   5.1401896331963490     
   5.1515129914106383     
   5.1615360815225584     
   5.1701708140860427     
   5.1773413746709664     
   5.1829848167242600     
   5.1870515824768573     
   5.1895059410659945     
   5.2110476539579222     
   5.2119650235893040     
   5.2110471278068928     
   5.2083020835383849     
   5.2037540682083652     
   5.1974430500318070     
   5.1894243812080720     
   5.1797682905810509     
   5.1685593033181245     
   5.1558955980169126     
   5.1418882943631541     
   5.1266606536601724     
   5.1103471727310241     
   5.0930925570113947     
   5.0750505669419335     
   5.0563827393386802     
   5.0372569908640985     
   5.0178461148760478     
   4.9983261873564535     
   4.9788749028878749     
   4.9596698666954859     
   4.9408868716866214     
   4.9226981889178871     
   4.9052708963826381     
   4.8887652662823822     
   4.8733332270790717     
   4.8591169145535327     
   4.8462473251947813     
   4.8348430840798748     
   4.8250093370327241     
   4.8168367736720317     
   4.8104007854466371     
   4.8057607622827332     
   4.8029595331134569     
   4.8020229578466109     
   4.8029596791035543     
   4.8057610399748079     
   4.8104011694940265     
   4.8168372324715349     
   4.8250098369802554     
   4.8348435921798192     
   4.8462478105723106     
   4.8591173503509602     
   4.8733335936245279     
   4.8887655546982431     
   4.9052711103245903     
   4.9226983422599488     
   4.9408869819780969     
   4.9596699469897336     
   4.9788749562218380     
   4.9983262074109067     
   5.0178460933392151     
   5.0372569284189357     
   5.0563826551206859     
   5.0750505019785681     
   5.0930925700689205     
   5.1103473303276790     
   5.1266610178215153     
   5.1418889112338766     
   5.1558964885510248     
   5.1685604557116012     
   5.1797696542445744     
   5.1894258638176289     
   5.1974445210103184     
   5.2037553719566167     
   5.2083030629445348     
   5.2110476539579222     
   5.2309199788553515     
   5.2319267439960964     
   5.2309193111582308     
   5.2279066132912666     
   5.2229152199825535     
   5.2159890050054498     
   5.2071886602165831     
   5.1965911123051587     
   5.1842888823533135     
   5.1703893994224224     
   5.1550142522328999     
   5.1382983481819080     
   5.1203889494885866     
   5.1014445676008151     
   5.0816337110278100     
   5.0611334920251423     
   5.0401281024154700     
   5.0188071709921811     
   4.9973640182864232     
   4.9759938305989344     
   4.9548917822835810     
   4.9342511396569773     
   4.9142613790711653     
   4.8951063462419597     
   4.8769624772118956     
   4.8599970969492459     
   4.8443668108570330     
   4.8302160056676051     
   4.8176754761560208     
   4.8068611908413637     
   4.7978732042520686     
   4.7907947185837836     
   4.7856912967056209     
   4.7826102319136696     
   4.7815800848421395     
   4.7826104003464920     
   4.7856916142693162     
   4.7907951525194488     
   4.7978737165586773     
   4.8068617444359756     
   4.8176760367730322     
   4.8302165409427600     
   4.8443672902949890     
   4.8599974955171232     
   4.8769627817574408     
   4.8951065604928781     
   4.9142615224602721     
   4.9342512384779287     
   4.9548918567965652     
   4.9759938852012500     
   4.9973640410970805     
   5.0188071442777948     
   5.0401280191229327     
   5.0611333701221373     
   5.0816335985740597     
   5.1014445365568726     
   5.1203890818403899     
   5.1382987205284545     
   5.1550149233236651     
   5.1703904010495636     
   5.1842902109828852     
   5.1965927194734105     
   5.2071904437804912     
   5.2159908077519148     
   5.2229168430106903     
   5.2279078470714113     
   5.2309199788553515     
   5.2493399334942694     
   5.2504294994586633     
   5.2493391012543151     
   5.2460784449730573     
   5.2406763482469092     
   5.2331803316459471     
   5.2236560405719334     
   5.2121865807934116     
   5.1988718230350424     
   5.1838276869106803     
   5.1671853741463973     
   5.1490905018373061     
   5.1297020917720078     
   5.1091913926598123     
   5.0877405343165130     
   5.0655410261342722     
   5.0427921148934569     
   5.0196990150968830     
   4.9964710260768612     
   4.9733195573365965     
   4.9504560937946067     
   4.9280901393094592     
   4.9064271755618565     
   4.8856666650736864     
   4.8660001175602572     
   4.8476092339692292     
   4.8306641442994334     
   4.8153217600679561     
   4.8017242641175111     
   4.7899977557049853     
   4.7802510592212490     
   4.7725746964284630     
   4.7670400205090182     
   4.7636985165488772     
   4.7625812825520759     
   4.7636987102614912     
   4.7670403810692497     
   4.7725751803783574     
   4.7802516204995760     
   4.7899983549823038     
   4.8017248692831904     
   4.8153223406958343     
   4.8306646675082803     
   4.8476096677392784     
   4.8660004411585005     
   4.8856668795287792     
   4.9064273053273268     
   4.9280902211940587     
   4.9504561578717672     
   4.9733196109260502     
   4.9964710513158526     
   5.0196989830100760     
   5.0427920089930041     
   5.0655408628496525     
   5.0877403696376318     
   5.1091913126816229     
   5.1297021936390284     
   5.1490908750728943     
   5.1671860886335530     
   5.1838287862099763     
   5.1988733164322136     
   5.2121884289820120     
   5.2236581376856623     
   5.2331824949859023     
   5.2406783296314075     
   5.2460799706626080     
   5.2493399334942694     
   5.2664952497948709     
   5.2676618825071921     
   5.2664942268861585     
   5.2630027296799042     
   5.2572183405819635     
   5.2491920115864525     
   5.2389940118398028     
   5.2267131755429252     
   5.2124561570846897     
   5.1963467004145363     
   5.1785248722994641     
   5.1591461853297496     
   5.1383805496240740     
   5.1164110266352134     
   5.0934323917262683     
   5.0696495286357397     
   5.0452756774842467     
   5.0205305494663062     
   4.9956383188020013     
   4.9708255112698705     
   4.9463188234639839     
   4.9223429170697726     
   4.8991182305029168     
   4.8768588378390900     
   4.8557703713212508     
   4.8360480184470420     
   4.8178746102700511     
   4.8014188277759420     
   4.7868335578194694     
   4.7742544230765516     
   4.7637984948113044     
   4.7555631831656218     
   4.7496252969834183     
   4.7460402758532361     
   4.7448416132846480     
   4.7460404993898031     
   4.7496257059892981     
   4.7555637186949697     
   4.7637991000901314     
   4.7742550578737690     
   4.7868341967261925     
   4.8014194471786267     
   4.8178751771053445     
   4.8360484920867490     
   4.8557707193441226     
   4.8768590547648900     
   4.8991183445746795     
   4.9223429772770162     
   4.9463188726136789     
   4.9708255615394163     
   4.9956383461209999     
   5.0205305118512644     
   5.0452755474369031     
   5.0696493209846656     
   5.0934321716196314     
   5.1164108952225789     
   5.1383806182416327     
   5.1591465535850158     
   5.1785256185777007     
   5.1963478805954493     
   5.2124577986821716     
   5.2267152573327085     
   5.2389964323951883     
   5.2491945650246450     
   5.2572207229999117     
   5.2630045894017776     
   5.2664952497948709     
   5.2825477064118855     
   5.2837864126367657     
   5.2825464632753745     
   5.2788390225637194     
   5.2726970810910236     
   5.2641748447389585     
   5.2533469251505487     
   5.2403074925105786     
   5.2251694871628818     
   5.2080638908120696     
   5.1891389793746265     
   5.1685594511490116     
   5.1465053485780228     
   5.1231707449220156     
   5.0987622147275475     
   5.0734971266070765     
   5.0476017885566273     
   5.0213094577673525     
   4.9948582191238913     
   4.9684887475533177     
   4.9424419907547161     
   4.9169568238388610     
   4.8922677245453281     
   4.8686024995506481     
   4.8461800731633033     
   4.8252083439694484     
   4.8058821262565115     
   4.7883812110308739     
   4.7728685900149763     
   4.7594888756917619     
   4.7483669261713528     
   4.7396066615678665     
   4.7332900543340379     
   4.7294762928813388     
   4.7282011437026803     
   4.7294765528366742     
   4.7332905201099447     
   4.7396072522313180     
   4.7483675704049633     
   4.7594895337261098     
   4.7728692488321345     
   4.7883818602528203     
   4.8058827359148548     
   4.8252088632999852     
   4.8461804531858146     
   4.8686027234250924     
   4.8922678223609326     
   4.9169568583082217     
   4.9424420206382402     
   4.9684887921785617     
   4.9948582481596535     
   5.0213094144870256     
   5.0476016329837989     
   5.0734968722138420     
   5.0987619373911830     
   5.1231705617648471     
   5.1465053835189885     
   5.1685598098623551     
   5.1891397449766492     
   5.2080651317073610     
   5.2251712554080720     
   5.2403097958244560     
   5.2533496767879857     
   5.2641778190461253     
   5.2726999114443025     
   5.2788412635568127     
   5.2825477064118855     
   5.2976370408879569     
   5.2989434667555066     
   5.2976355442740788     
   5.2937251404204488     
   5.2872472175697487     
   5.2782590911664489     
   5.2668394761823984     
   5.2530875362431058     
   5.2371220581274001     
   5.2190807425353238     
   5.1991194972452330     
   5.1774115858988790     
   5.1541465261573522     
   5.1295287083026846     
   5.1037757708504250     
   5.0771167923748717     
   5.0497903404482427     
   5.0220423868976649     
   4.9941240839080221     
   4.9662894096533883     
   4.9387927224391213     
   4.9118862838794515     
   4.8858178075104055     
   4.8608280633518097     
   4.8371485422646554     
   4.8149991777275316     
   4.7945861416207984     
   4.7760997591211893     
   4.7597126016846500     
   4.7455778022690458     
   4.7338276009054638     
   4.7245720958051338     
   4.7178981689099793     
   4.7138685801875297     
   4.7125212640664182     
   4.7138688854925945     
   4.7178987031158703     
   4.7245727476127248     
   4.7338282792928084     
   4.7455784692334859     
   4.7597132634453549     
   4.7761004265845095     
   4.7945867923556227     
   4.8149997494666774     
   4.8371489638633856     
   4.8608283007188939     
   4.8858178899171270     
   4.9118862891737098     
   4.9387927288488953     
   4.9662894462954403     
   4.9941241142902779     
   5.0220423378225503     
   5.0497901580825326     
   5.0771164893797831     
   5.1037754357537377     
   5.1295284751320347     
   5.1541465291829818     
   5.1774119316882317     
   5.1991202687607077     
   5.2190820206019186     
   5.2371239266041938     
   5.2530900446174416     
   5.2668425647108403     
   5.2782625189039454     
   5.2872505475283420     
   5.2937278154916205     
   5.2976370408879569     
   5.3118851000318354     
   5.3132554486357035     
   5.3118833129323875     
   5.3077812554931505     
   5.3009861610250928     
   5.2915583395267225     
   5.2795804069038255     
   5.2651562209071461     
   5.2484100253620500     
   5.2294857795590133     
   5.2085465135899920     
   5.1857735133234941     
   5.1613652001280732     
   5.1355356784769706     
   5.1085130119705715     
   5.0805373135953422     
   5.0518587039903897     
   5.0227351421901725     
   4.9934301098589646     
   4.9642101486058552     
   4.9353422920468510     
   4.9070914643473174     
   4.8797179111469760     
   4.8534746927744843     
   4.8286052333101699     
   4.8053409122574768     
   4.7838987146458347     
   4.7644789976448720     
   4.7472634525372639     
   4.7324133201237935     
   4.7200678661931947     
   4.7103430766167635     
   4.7033305227652162     
   4.6990963846030578     
   4.6976806753237090     
   4.6990967466462790     
   4.7033311406066716     
   4.7103437982784842     
   4.7200685743980912     
   4.7324139798349343     
   4.7472640971870863     
   4.7644796690958531     
   4.7838994036296603     
   4.8053415438304414     
   4.8286057078620201     
   4.8534749520672760     
   4.8797179802731900     
   4.9070914375790151     
   4.9353422708788139     
   4.9642101749110354     
   4.9934301412162343     
   5.0227350871902203     
   5.0518584936351099     
   5.0805369605659658     
   5.1085126197096296     
   5.1355353988750476     
   5.1613651749896192     
   5.1857738438392582     
   5.2085472766345617     
   5.2294870680062893     
   5.2484119630773645     
   5.2651589138859176     
   5.2795838367203833     
   5.2915622554117245     
   5.3009900472905684     
   5.3077844231730174     
   5.3118851000318354     
   5.3253977757292423     
   5.3268287339807410     
   5.3253956571086096     
   5.3211118031686899     
   5.3140159475890787     
   5.3041713061022397     
   5.2916642254276658     
   5.2766029954641036     
   5.2591169705728733     
   5.2393559580417470     
   5.2174896587481108     
   5.1937069041576160     
   5.1682145217683733     
   5.1412358069551614     
   5.1130086928429046     
   5.0837837372192336     
   5.0538219954053947     
   5.0233927763968564     
   4.9927712453497435     
   4.9622358600053813     
   4.9320656858207430     
   4.9025376754373706     
   4.8739239900412681     
   4.8464893912834288     
   4.8204886837930632     
   4.7961641808116431     
   4.7737432073698525     
   4.7534357151260638     
   4.7354321124696268     
   4.7199013851075398     
   4.7069895113018116     
   4.6968181108838420     
   4.6894832551311820     
   4.6850544157426919     
   4.6835736099733598     
   4.6850548485731700     
   4.6894839756787521     
   4.6968189141162826     
   4.7069902456396644     
   4.7199020195322809     
   4.7354327167648114     
   4.7534363734758660     
   4.7737439305426390     
   4.7961648802373986     
   4.8204892243948887     
   4.8464896827580803     
   4.8739240492333913     
   4.9025376142124628     
   4.9320656330355295     
   4.9622358735878613     
   4.9927712773033042     
   5.0233927153276259     
   5.0538217558969354     
   5.0837833330848765     
   5.1130082450539902     
   5.1412354862575675     
   5.1682144741028404     
   5.1937072179733139     
   5.2174903978580716     
   5.2393572267597524     
   5.2591189419693674     
   5.2766058487508083     
   5.2916679998371556     
   5.3041757474709126     
   5.3140204524178367     
   5.3211155281703268     
   5.3253977757292423     
   5.3382678867780475     
   5.3397565655782655     
   5.3382653912153941     
   5.3338083237908931     
   5.3264260143863744     
   5.3161845194641977     
   5.3031737751417962     
   5.2875062740070380     
   5.2693161712959471     
   5.2487587543935881     
   5.2260099934006439     
   5.2012658463930110     
   5.1747411138299473     
   5.1466678281233778     
   5.1172933090733768     
   5.0868780446103266     
   5.0556934832666824     
   5.0240197256457657     
   4.9921430549884125     
   4.9603532792320024     
   4.9289409330492653     
   4.8981944426014961     
   4.8683973447584572     
   4.8398255875589182     
   4.8127448747474304     
   4.7874080088322923     
   4.7640522449314480     
   4.7428967490171603     
   4.7241402944559132     
   4.7079592928431770     
   4.6945061596540025     
   4.6839079278655582     
   4.6762650068400911     
   4.6716500531404446     
   4.6701070267495775     
   4.6716505737013092     
   4.6762658533859653     
   4.6839088277127852     
   4.6945069172527516     
   4.7079598820677724     
   4.7241408318008915     
   4.7428973741503224     
   4.7640529968609711     
   4.7874087846578668     
   4.8127454961948501     
   4.8398259232742422     
   4.8683973985391384     
   4.8981943449659777     
   4.9289408446325691     
   4.9603532776625237     
   4.9921430871595840     
   5.0240196583482968     
   5.0556932134461592     
   5.0868775886051747     
   5.1172928083643265     
   5.1466674733536317     
   5.1747410510936334     
   5.2012661429152915     
   5.2260106919020837     
   5.2487599698010188     
   5.2693181361495025     
   5.2875092595116406     
   5.3031778966312588     
   5.3161895267763883     
   5.3264312062265482     
   5.3338126776023342     
   5.3382678867780475     
   5.3505774356790692     
   5.3521213204021763     
   5.3505745131147719     
   5.3459516888660525     
   5.3382953747457638     
   5.3276744247536039     
   5.3141822487225179     
   5.2979353410123098     
   5.2790723799605388     
   5.2577538019749808     
   5.2341614881255092     
   5.2084981544283346     
   5.1809861976563498     
   5.1518659944531082     
   5.1213938323930650     
   5.0898396807791730     
   5.0574849075388126     
   5.0246199160771630     
   4.9915416135541184     
   4.9585506642736163     
   4.9259485812203838     
   4.8940347793135937     
   4.8631036992961993     
   4.8334420264500553     
   4.8053259456558397     
   4.7790183648032754     
   4.7547661157771808     
   4.7327972499801589     
   4.7133185987992618     
   4.6965137198696647     
   4.6825412246315166     
   4.6715333680665720     
   4.6635947611004820     
   4.6588011580500188     
   4.6571984127138952     
   4.6588017863230045     
   4.6635957613782590     
   4.6715343830962173     
   4.6825420035296155     
   4.6965142420842074     
   4.7133190391581801     
   4.7327978186549382     
   4.7547668895908552     
   4.7790192260711795     
   4.8053266644221075     
   4.8334424202325108     
   4.8631037533100692     
   4.8940346436964273     
   4.9259484531454349     
   4.9585506450709422     
   4.9915416455734096     
   5.0246198423812940     
   5.0574846062303260     
   5.0898391723916179     
   5.1213932822732007     
   5.1518656142446595     
   5.1809861290419184     
   5.2084984338041922     
   5.2341621280322768     
   5.2577549269309394     
   5.2790742933558352     
   5.2979384269504779     
   5.3141867192213823     
   5.3276800419995398     
   5.3383013287146053     
   5.3459567501780070     
   5.3505774356790692     
   5.3623988214292098     
   5.3639957281050918     
   5.3623954168450503     
   5.3576132966704852     
   5.3496937856050550     
   5.3387085121769591     
   5.3247542674487480     
   5.3079513716697537     
   5.2884427759497337     
   5.2663937662021505     
   5.2419918135814561     
   5.2154460672212881     
   5.1869861931700312     
   5.1568605732485358     
   5.1253341001839399     
   5.0926858337944347     
   5.0592066470466062     
   5.0251968185796994     
   4.9909634482213345     
   4.9568176266473971     
   4.9230714178112693     
   4.8900348028307805     
   4.8580127148203891     
   4.8273021855549754     
   4.7981895195738549     
   4.7709474004007966     
   4.7458319340355404     
   4.7230797743082711     
   4.7029055439527356     
   4.6854997016426605     
   4.6710268438807194     
   4.6596242832522092     
   4.6514007188519946     
   4.6464349339388056     
   4.6447746387919295     
   4.6464356931069419     
   4.6514019052761517     
   4.6596254357511082     
   4.6710276430926241     
   4.6855001330678769     
   4.7029058537007185     
   4.7230802600201809     
   4.7458327213540157     
   4.7709483566536894     
   4.7981903538436637     
   4.8273026530144687     
   4.8580127758115363     
   4.8900346279956546     
   4.9230712459924932     
   4.9568175872516687     
   4.9909634797175375     
   5.0251967382913465     
   5.0592063130299572     
   5.0926852727285379     
   5.1253335050276343     
   5.1568601778164034     
   5.1869861295712676     
   5.2154463302651344     
   5.2419923754635542     
   5.2663947598356984     
   5.2884445881431033     
   5.3079545225595499     
   5.3247590885378111     
   5.3387147873045562     
   5.3497005840463574     
   5.3576191519024059     
   5.3623988214292098     
   5.3737967940179026     
   5.3754448346437984     
   5.3737928467422140     
   5.3688569985707879     
   5.3606836284450505     
   5.3493471358330513     
   5.3349476220138721     
   5.3176090794487454     
   5.2974785052897291     
   5.2747257624044490     
   5.2495436234820545     
   5.2221473845272426     
   5.1927736979772181     
   5.1616786598148430     
   5.1291354555354758     
   5.0954318961600489     
   5.0608679982034914     
   5.0257535425295199     
   4.9904054466479835     
   4.9551448548801504     
   4.9202940118842742     
   4.8861730982436811     
   4.8530971820566116     
   4.8213733033498016     
   4.7912975758866700     
   4.7631521782272630     
   4.7372022339370465     
   4.7136927579236980     
   4.6928459339546169     
   4.6748589080561436     
   4.6599020782655423     
   4.6481176748613926     
   4.6396183933499104     
   4.6344859945611452     
   4.6327700190541501     
   4.6344869114017051     
   4.6396198035912350     
   4.6481189912957426     
   4.6599028979098653     
   4.6748592227150798     
   4.6928460754528736     
   4.7136931305166341     
   4.7372030246886885     
   4.7631532395497862     
   4.7912985457258612     
   4.8213738620421349     
   4.8530972579402363     
   4.8861728832700253     
   4.9202937921206296     
   4.9551447926071903     
   4.9904054772227724     
   5.0257534554060532     
   5.0608676301802511     
   5.0954312823158396     
   5.1291348206168337     
   5.1616782610528089     
   5.1927736520863172     
   5.2221476326977880     
   5.2495440862165905     
   5.2747265796437688     
   5.2974801611785907     
   5.3176122557937129     
   5.3349527950755000     
   5.3493541214505393     
   5.3606913620203560     
   5.3688637429775898     
   5.3737967940179026     
   5.3848295788063663     
   5.3865271317865657     
   5.3848250218359865     
   5.3797402081088563     
   5.3713209929867380     
   5.3596445621536750     
   5.3448142761393358     
   5.3269576657072388     
   5.3062255675691343     
   5.2827921719598372     
   5.2568552925396226     
   5.2286361200162048     
   5.1983780498643997     
   5.1663446444323586     
   5.1328171147170494     
   5.0980917297463417     
   5.0624773353125407     
   5.0262928903306925     
   4.9898648055875823     
   4.9535239579846753     
   4.9176024541664107     
   4.8824303578179480     
   4.8483325634376566     
   4.8156258285329052     
   4.7846158120498439     
   4.7555939519182271     
   4.7288341749805918     
   4.7045896539582799     
   4.6830899363605836     
   4.6645386701532026     
   4.6491118961781179     
   4.6369566450424813     
   4.6281895372760982     
   4.6228952766495537     
   4.6211252185846652     
   4.6228963819112270     
   4.6281912148094895     
   4.6369581564864060     
   4.6491127375809871     
   4.6645388396346075     
   4.6830898675435551     
   4.7045898792628273     
   4.7288349572451258     
   4.7555951289950311     
   4.7846169395700713     
   4.8156264980997827     
   4.8483326633464792     
   4.8824301020714929     
   4.9176021821003335     
   4.9535238700207147     
   4.9898648348420975     
   5.0262927961016048     
   5.0624769318962217     
   5.0980910631988898     
   5.1328164462247425     
   5.1663442559851402     
   5.1983780362519667     
   5.2286363553905986     
   5.2568556330722691     
   5.2827927630775813     
   5.3062270061737218     
   5.3269608236801567     
   5.3448198024932871     
   5.3596523162050067     
   5.3713297617336337     
   5.3797479468586511     
   5.3848295788063663     
   5.3955497791512146     
   5.3972954638930748     
   5.3955445384437271     
   5.3903147911254150     
   5.3816565467091584     
   5.3696498109019739     
   5.3544011714179476     
   5.3360415810724113     
   5.3147255269291467     
   5.2906312964088169     
   5.2639615077339847     
   5.2349430243256236     
   5.2038257769376797     
   5.1708805856144799     
   5.1363964603487942     
   5.1006778764427496     
   5.0640422370435934     
   5.0268173988270703     
   4.9893389871078337     
   4.9519473371124061     
   4.9149841455090657     
   4.8787890883655294     
   4.8436966222034146     
   4.8100329743611745     
   4.7781131273348780     
   4.7482375841031645     
   4.7206888995038909     
   4.6957282358573531     
   4.6735923372624377     
   4.6544911938239819     
   4.6386063529943158     
   4.6260895492001399     
   4.6170612759147289     
   4.6116091614085883     
   4.6097863710756828     
   4.6116104902000901     
   4.6170632705801760     
   4.6260912917666950     
   4.6386072187779961     
   4.6544911870179391     
   4.6735920111967237     
   4.6957282753136651     
   4.7206896593597989     
   4.7482388882964308     
   4.7781144368836461     
   4.8100337766914167     
   4.8436967565455955     
   4.8787887914705799     
   4.9149838165803388     
   4.9519472205003163     
   4.9893390146598913     
   5.0268172972067271     
   5.0640417967468938     
   5.1006771574271372     
   5.1363957654171486     
   5.1708802229727899     
   5.2038258121531014     
   5.2349432495798407     
   5.2639617008243134     
   5.2906316065301020     
   5.3147266808277012     
   5.3360446721613997     
   5.3544070524441310     
   5.3696583973593919     
   5.3816664611396803     
   5.3903236404225616     
   5.3955497791512146     
   5.4060055840733190     
   5.4077982411930909     
   5.4059995776143843     
   5.4006282561186927     
   5.3917366972876017     
   5.3794077793680932     
   5.3637513034405604     
   5.3449015440956495     
   5.3230164642171509     
   5.2982782344771318     
   5.2708940620913838     
   5.2410962881696967     
   5.2091412034894109     
   5.1753067131252655     
   5.1398894369792458     
   5.1032018427225614     
   5.0655696574179769     
   5.0273293951414431     
   4.9888256587274560     
   4.9504080104483545     
   4.9124275080176796     
   4.8752332110913503     
   4.8391689144417578     
   4.8045701073521760     
   4.7717609136431012     
   4.7410507457366622     
   4.7127306478236388     
   4.6870696363948419     
   4.6643115128882124     
   4.6446724732341629     
   4.6283394560429558     
   4.6154688226636935     
   4.6061849061063622     
   4.6005782567094604     
   4.5987038554580870     
   4.6005798490144727     
   4.6061872748527160     
   4.6154708380757432     
   4.6283403502379556     
   4.6446722559660323     
   4.6643108771605402     
   4.6870694465212255     
   4.7127313691262049     
   4.7410521891983644     
   4.7717624321014762     
   4.8045710668667478     
   4.8391690950475654     
   4.8752328729309733     
   4.9124271173862004     
   4.9504078620030318     
   4.9888256841434746     
   5.0273292857679532     
   5.0655691786024759     
   5.1032010716375025     
   5.1398887237985953     
   5.1753063938383885     
   5.2091413062659928     
   5.2410965065875645     
   5.2708940799669062     
   5.2982782028840001     
   5.3230172587354252     
   5.3449045145717626     
   5.3637575406887512     
   5.3794172691123938     
   5.3917478798208469     
   5.4006383446797255     
   5.4060055840733190     
   5.4162413796723845     
   5.4180800541072749     
   5.4162345162803867     
   5.4107243563534162     
   5.4016041801759123     
   5.3889598103626604     
   5.3729042654574490     
   5.3535750560090190     
   5.3311334583441150     
   5.3057653256435122     
   5.2776822563078385     
   5.2471218982699863     
   5.2143467570190190     
   5.1796416834381800     
   5.1433107528534050     
   5.1056742460585838     
   5.0670660156594263     
   5.0278310292363404     
   4.9883226685109037     
   4.9488995312500119     
   4.9099218470116517     
   4.8717478689527907     
   4.8347305437618617     
   4.7992144515953425     
   4.7655327122077624     
   4.7340035284029742     
   4.7049263298017845     
   4.6785778825326085     
   4.6552089320419743     
   4.6350417652931473     
   4.6182686156880575     
   4.6050504131603320     
   4.5955153151555415     
   4.5897568077632247     
   4.5878317038776908     
   4.5897587091384153     
   4.5955181230512325     
   4.6050527495330167     
   4.6182695439028487     
   4.6350412998537260     
   4.6552079279590481     
   4.6785774142270640     
   4.7049269938842775     
   4.7340051242009000     
   4.7655344693416399     
   4.7992155955709084     
   4.8347307840353890     
   4.8717474896649300     
   4.9099213895068292     
   4.9488993475494372     
   4.9883226913423462     
   5.0278309117005122     
   5.0670654965287607     
   5.1056734234708969     
   5.1433100307736144     
   5.1796414273456621     
   5.2143469485218690     
   5.2471221137714261     
   5.2776820682509449     
   5.3057648848990091     
   5.3311338104971533     
   5.3535778461898387     
   5.3729108607186866     
   5.3889702822517851     
   5.4016167669393393     
   5.4107358272874748     
   5.4162413796723845     
   5.4262984700930987     
   5.4281823976391363     
   5.4262906479083473     
   5.4206437998331607     
   5.4112987514135478     
   5.3983443618677667     
   5.3818968892711130     
   5.3620970074778231     
   5.3391091536143342     
   5.3131226728635994     
   5.2843533719081677     
   5.2530440563998431     
   5.2194633291810852     
   5.1839028792480351     
   5.1466741152814199     
   5.1081049840291044     
   5.0685372974784029     
   5.0283243063923306     
   4.9878280083704265     
   4.9474158822451360     
   4.9074571774228435     
   4.8683191865584030     
   4.8303638567527507     
   4.7939447223882654     
   4.7594037886133203     
   4.7270679645334575     
   4.6972449946577344     
   4.6702193197082842     
   4.6462485400982523     
   4.6255609388293335     
   4.6083539653752865     
   4.5947930776897170     
   4.5850102608271710     
   4.5791019668768191     
   4.5771268680902404     
   4.5791042293545035     
   4.5850135823693705     
   4.5947957905486287     
   4.6083549350253712     
   4.6255601833760922     
   4.6462471016550202     
   4.6702185173403485     
   4.6972455799349744     
   4.7270697268057393     
   4.7594058175269494     
   4.7939460813839698     
   4.8303641718807526     
   4.8683187665395922     
   4.9074566474763275     
   4.9474156596054879     
   4.9878280281814487     
   5.0283241802579193     
   5.0685367360617324     
   5.1081041106837644     
   5.1466733949595325     
   5.1839027087978007     
   5.2194636333467193     
   5.2530442735950045     
   5.2843529437371872     
   5.3131217476893715     
   5.3391089707381578     
   5.3620995507585203     
   5.3819038446321308     
   5.3983559040615114     
   5.4113128945060343     
   5.4206568130145287     
   5.4262984700930987     
   5.4362157961424433     
   5.4381443932780114     
   5.4362069008629881     
   5.4304249574657657     
   5.4208578792532256     
   5.4075976761467714     
   5.3907638861450344     
   5.3705002858171236     
   5.3469743278740438     
   5.3203786663963859     
   5.2909331457190403     
   5.2588855998592408     
   5.2245106381653752     
   5.1881067103130878     
   5.1499924671830177     
   5.1105034044602631     
   5.0699891573115661     
   5.0288111206031036     
   4.9873397782121875     
   4.9459513706591940     
   4.9050240503801801     
   4.8649340295522885     
   4.8260521370103797     
   4.7887407573936827     
   4.7533507042509306     
   4.7202175430151465     
   4.6896572952180007     
   4.6619620297375288     
   4.6373961359561653     
   4.6161938162715588     
   4.5985576739425262     
   4.5846576716018879     
   4.5746296435939966     
   4.5685730555261896     
   4.5665484781876700     
   4.5685757386803205     
   4.5746335642570797     
   4.5846608250913388     
   4.5985586945260781     
   4.6161927241171989     
   4.6373941885973142     
   4.6619608300444186     
   4.6896577766928127     
   4.7202194871560383     
   4.7533530419680989     
   4.7887423658348434     
   4.8260525442910938     
   4.8649335695045099     
   4.9050234419189884     
   4.9459511050086880     
   4.9873397944809277     
   5.0288109853179357     
   5.0699885513948617     
   5.1105024813212587     
   5.1499917608432506     
   5.1881066510354215     
   5.2245110821715919     
   5.2588858241314238     
   5.2909324391517840     
   5.3203771723058386     
   5.3469735059751091     
   5.3705025075079247     
   5.3907712040436353     
   5.4076103876580905     
   5.4208737493936097     
   5.4304396923068206     
   5.4362157961424433     
   5.4460303982334288     
   5.4480032540856529     
   5.4460203012611554     
   5.4401043194015761     
   5.4303171898908964     
   5.4167542109896223     
   5.3995382598722248     
   5.3788161663279421     
   5.3547582586732361     
   5.3275603214889866     
   5.2974460759851096     
   5.2646682732259400     
   5.2295074636353958     
   5.1922688094842595     
   5.1532781424303256     
   5.1128784186007517     
   5.0714269881578051     
   5.0292932802734374     
   4.9868561671441460     
   4.9445005650770923     
   4.9026134463558941     
   4.8615798550998637     
   4.8217794143652712     
   4.7835832863099217     
   4.7473510484328978     
   4.7134269060868972     
   4.6821351522993302     
   4.6537754657454498     
   4.6286189808773175     
   4.6069057599728538     
   4.5888435131774701     
   4.5746067012938481     
   4.5643350485475063     
   4.5581310997255251     
   4.5560573757915268     
   4.5581342717837678     
   4.5643396663895075     
   4.5746103694134694     
   4.5888445965325264     
   4.6069042788282673     
   4.6286164402259304     
   4.6537737967353356     
   4.6821355011066306     
   4.7134290489588366     
   4.7473537364511040     
   4.7835851829852984     
   4.8217799334327998     
   4.8615793560226468     
   4.9026127527429084     
   4.9445002519817809     
   4.9868561793671482     
   5.0292931352541084     
   5.0714263352955262     
   5.1128774468648350     
   5.1532774640260390     
   5.1922688903573642     
   5.2295080782997285     
   5.2646685107902593     
   5.2974450480014825     
   5.3275581634117160     
   5.3547566807514988     
   5.3788179824674982     
   5.3995459431655144     
   5.4167682033093687     
   5.4303349791928488     
   5.4401209777628932     
   5.4460303982334288     
   5.4557779622444214     
   5.4577948332899497     
   5.4557665181912904     
   5.4497170311781034     
   5.4397109895960662     
   5.4258471436794276     
   5.4082517889578385     
   5.3870747692171257     
   5.3624891512712880     
   5.3346936735482098     
   5.3039157806675883     
   5.2704130459205771     
   5.2344719201662917     
   5.1964042592466031     
   5.1565430433505215     
   5.1152386279778606     
   5.0728559966145648     
   5.0297725306459586     
   4.9863754228864448     
   4.9430582118304756     
   4.9002166389283177     
   4.8582445238296152     
   4.8175302262364692     
   4.7784536433701055     
   4.7413831043600334     
   4.7066714717337153     
   4.6746513370641223     
   4.6456299984188192     
   4.6198853127594059     
   4.5976631586850276     
   4.5791763207555256     
   4.5646037681259894     
   4.5540891752544574     
   4.5477382512992630     
   4.5456155325856216     
   4.5477419906770367     
   4.5540946031448035     
   4.5646080364682424     
   4.5791774814556785     
   4.5976612296358859     
   4.6198820828367309     
   4.6456277777850161     
   4.6746515197621212     
   4.7066738319332471     
   4.7413861894832756     
   4.7784558722696335     
   4.8175308795366139     
   4.8582439870960981     
   4.9002158528211517     
   4.9430578463262744     
   4.9863754304487760     
   5.0297723751604204     
   5.0728552940409255     
   5.1152376091443204     
   5.1565424089498562     
   5.1964045133897576     
   5.2344727406328246     
   5.2704133039544052     
   5.3039143826054538     
   5.3346907438733684     
   5.3624866849484141     
   5.3870760848867718     
   5.4082598409633746     
   5.4258625429425198     
   5.4397309152972433     
   5.4497358412833625     
   5.4557779622444214     
   5.4654933236767969     
   5.4675541308567652     
   5.4654803673621384     
   5.4592973894497829     
   5.4490727481480086     
   5.4349088383685871     
   5.4169354745221927     
   5.3953054846398913     
   5.3701945372400584     
   5.3418041465385153     
   5.3103653318992459     
   5.2761404093025028     
   5.2394217140942958     
   5.2005278059938771     
   5.1597988105430863     
   5.1175924481843058     
   5.0742812793204433     
   5.0302505819139283     
   4.9858958310264878     
   4.9416191654133224     
   4.8978250769036213     
   4.8549161346289189     
   4.8132894063911342     
   4.7733335116673770     
   4.7354255510223027     
   4.6999270957079196     
   4.6671790962888346     
   4.6374965081292352     
   4.6111639089947580     
   4.5884329651192965     
   4.5695215165090097     
   4.5546130675617613     
   4.5438553242635651     
   4.5373572666762447     
   4.5351855266384984     
   4.5373616638584995     
   4.5438616926143780     
   4.5546180354434886     
   4.5695227723616716     
   4.5884305214102392     
   4.6111598801062694     
   4.6374936413858814     
   4.6671790740404129     
   4.6999296938681567     
   4.7354290862665351     
   4.7733361228313482     
   4.8132902195976683     
   4.8549155620077826     
   4.8978241901596071     
   4.9416187420176074     
   4.9858958333250545     
   5.0302504151788137     
   5.0742805239527886     
   5.1175913840946921     
   5.1597982386385253     
   5.2005282713233454     
   5.2394227805405764     
   5.2761406960802164     
   5.3103635084254668     
   5.3418003228499407     
   5.3701910319749970     
   5.3953061919603051     
   5.4169438990541590     
   5.4349257879323947     
   5.4490950570765104     
   5.4593186105906799     
   5.4654933236767969     
   5.4752108981546490     
   5.4773157261210921     
   5.4751962409615276     
   5.4688792645740838     
   5.4584355103807107     
   5.4439712435381189     
   5.4256199210602114     
   5.4035373341728796     
   5.3779016137857258     
   5.3489168669412885     
   5.3168175412099314     
   5.2818706299541249     
   5.2443743620971670     
   5.2046540417002447     
   5.1630569659394236     
   5.1199482119916526     
   5.0757078850577422     
   5.0307291295056142     
   4.9854156929898084     
   4.9401783240100796     
   4.8954302776395640     
   4.8515828763285764     
   4.8090418958597914     
   4.7682046945259922     
   4.7294571967216106     
   4.6931697694754497     
   4.6596918175798780     
   4.6293460206882315     
   4.6024236962214919     
   4.5791822831549069     
   4.5598446705474842     
   4.5445989418096326     
   4.5335969382525940     
   4.5269510410018041     
   4.5247300742967758     
   4.5269562008522950     
   4.5336043983721934     
   4.5446047248928902     
   4.5598460432128274     
   4.5791792487030065     
   4.6024187423611185     
   4.6293423988725415     
   4.6596915451346641     
   4.6931726286296778     
   4.7294612424324916     
   4.7682077451094100     
   4.8090428984143436     
   4.8515822700306295     
   4.8954292811951206     
   4.9401778367053133     
   4.9854156895390442     
   5.0307289507653703     
   5.0757070734837963     
   5.1199471048908034     
   5.1630564778599917     
   5.2046547617694490     
   5.2443757206259889     
   5.2818709550220637     
   5.3168152290585136     
   5.3489120092392870     
   5.3778968974630041     
   5.4035373098480575     
   5.4256287224591162     
   5.4439899071047586     
   5.4584604843722966     
   5.4689031928187424     
   5.4752108981546490     
   5.4849650909641632     
   5.4871141895226536     
   5.4849485154327713     
   5.4784964992548293     
   5.4678322822384144     
   5.4530662636682976     
   5.4343356928169699     
   5.4117993108036897     
   5.3856375652213879     
   5.3560569632607447     
   5.3232952326755205     
   5.2876239919392471     
   5.2493473986899435     
   5.2087975739148229     
   5.1663290437198910     
   5.1223142604780101     
   5.0771408658331652     
   5.0312098649703580     
   4.9849332964937343     
   4.9387305591258484     
   4.8930237153558416     
   4.8482328742537009     
   4.8047725476344416     
   4.7630488789774352     
   4.7234567030160237     
   4.6863753074865979     
   4.6521626837526258     
   4.6211493329862661     
   4.5936333511304666     
   4.5698779471362183     
   4.5501110639150157     
   4.5345254247940048     
   4.5232771349574774     
   4.5164821336466376     
   4.5142115536189378     
   4.5164881789549582     
   4.5232858642446017     
   4.5345321592258783     
   4.5501125799952566     
   4.5698742342959697     
   4.5936273258505151     
   4.6211448288101185     
   4.6521621075574116     
   4.6863784535390112     
   4.7234613288979634     
   4.7630524355383415     
   4.8047737742795258     
   4.8482322373703530     
   4.8930225988010161     
   4.9387300004993744     
   4.9849332859683599     
   5.0312096726705962     
   5.0771399938827386     
   5.1223131133411135     
   5.1663286649502353     
   5.2087985999871202     
   5.2493491032489983     
   5.2876243665534650     
   5.3232923585608090     
   5.3560509094117439     
   5.3856314386576658     
   5.4117984121804650     
   5.4343448758617301     
   5.4530868298981172     
   5.4678602461940944     
   5.4785234759303192     
   5.4849650909641632     
   5.4947908493958346     
   5.4969846372867064     
   5.4947721053133955     
   5.4881834576846620     
   5.4772965702618723     
   5.4622262830815185     
   5.4431138155630796     
   5.4201208526315323     
   5.3934300037485716     
   5.3632499705507310     
   5.3298216092179986     
   5.2934211237255733     
   5.2543586627193442     
   5.2129732702512612     
   5.1696267904001196     
   5.1246990956315184     
   5.0785853787550463     
   5.0316945244317717     
   4.9844469090788781     
   4.9372706542547258     
   4.8905967064639899     
   4.8448540246975869     
   4.8004659130063834     
   4.7578473762893996     
   4.7174022811057581     
   4.6795190006367546     
   4.6445642847281299     
   4.6128765855113256     
   4.5847608370648194     
   4.5604860273097962     
   4.5402851685369052     
   4.5243557026094807     
   4.5128581539417834     
   4.5059122066881994     
   4.5035914396863106     
   4.5059192805752835     
   4.5128683593203984     
   4.5243635475984254     
   4.5402868600322508     
   4.5604815352477264     
   4.5847535709373339     
   4.6128710513607478     
   4.6445633422780999     
   4.6795224628648757     
   4.7174075670220112     
   4.7578515151211462     
   4.8004674035146584     
   4.8448533608199167     
   4.8905954582031086     
   4.9372700164611620     
   4.9844468907305739     
   5.0316943174084088     
   5.0785844419734332     
   5.1246979119769573     
   5.1696265502320378     
   5.2129746612711516     
   5.2543607753790615     
   5.2934215608191364     
   5.3298180886864985     
   5.3632425337452609     
   5.3934222374879095     
   5.4201189153956211     
   5.4431233856681445     
   5.4622489689806866     
   5.4773278979441518     
   5.4882138754887748     
   5.4947908493958346     
