  -6.5216042123670640E-007
  -6.5216042123670640E-007
  -6.5216042123670640E-007
  -6.5216042123670640E-007
  -6.5216042123670640E-007
  -6.5216042123670640E-007
  -6.5216042123670640E-007
  -6.5216042123670640E-007
  -6.5216042123670640E-007
  -6.5216042123670640E-007
  -6.5216042123670640E-007
  -6.5216042123670640E-007
  -6.5216042123670640E-007
  -6.5216042123670640E-007
  -6.5216042123670640E-007
  -6.5216042123670640E-007
  -6.5216042123670640E-007
  -6.5216042123670640E-007
  -6.5216042123670640E-007
  -6.5216042123670640E-007
  -6.5216042123670640E-007
  -6.5216042123670640E-007
  -6.5216042123670640E-007
  -6.5216042123670640E-007
  -6.5216042123670640E-007
  -6.5216042123670640E-007
  -6.5216042123670640E-007
  -6.5216042123670640E-007
  -6.5216042123670640E-007
  -6.5216042123670640E-007
  -6.5216042123670640E-007
  -6.5216042123670640E-007
  -6.5216042123670640E-007
  -6.5216042123670640E-007
  -6.5216042123670640E-007
  -6.5216042123670640E-007
  -6.5216042123670640E-007
  -6.5216042123670640E-007
  -6.5216042123670640E-007
  -6.5216042123670640E-007
  -6.5216042123670640E-007
  -6.5216042123670640E-007
  -6.5216042123670640E-007
  -6.5216042123670640E-007
  -6.5216042123670640E-007
  -6.5216042123670640E-007
  -6.5216042123670640E-007
  -6.5216042123670640E-007
  -6.5216042123670640E-007
  -6.5216042123670640E-007
  -6.5216042123670640E-007
  -6.5216042123670640E-007
  -6.5216042123670640E-007
  -6.5216042123670640E-007
  -6.5216042123670640E-007
  -6.5216042123670640E-007
  -6.5216042123670640E-007
  -6.5216042123670640E-007
  -6.5216042123670640E-007
  -6.5216042123670640E-007
  -6.5216042123670640E-007
  -6.5216042123670640E-007
  -6.5216042123670640E-007
  -6.5216042123670640E-007
  -6.5216042123670640E-007
  -6.5216042123670640E-007
  -6.5216042123670640E-007
  -3.6637376402663233E-003
  -6.5228645121572591E-007
   3.6624297133929129E-003
   7.2925836636098789E-003
   1.0857167977242146E-002
   1.4324105293249581E-002
   1.7662160354903620E-002
   2.0841212968838830E-002
   2.3832524259736070E-002
   2.6608994294855762E-002
   2.9145408982249068E-002
   3.1418673959317647E-002
   3.3408033004574816E-002
   3.5095268350719293E-002
   3.6464880180983782E-002
   3.7504242582092229E-002
   3.8203733330531467E-002
   3.8556835120157652E-002
   3.8560206202278118E-002
   3.8213718895089004E-002
   3.7520465005004271E-002
   3.6486727854486714E-002
   3.5121921288514019E-002
   3.3438496691179632E-002
   3.1451819643820565E-002
   2.9180018361887355E-002
   2.6643806435058200E-002
   2.3866282651442777E-002
   2.0872710811862892E-002
   1.7690282445287395E-002
   1.4347865241364948E-002
   1.0875739846585263E-002
   7.3053274559056617E-003
   3.6689104006785997E-003
  -6.5228667551268790E-007
  -3.6702125376114714E-003
  -7.3066224836991732E-003
  -1.0877023677367760E-002
  -1.4349134711800011E-002
  -1.7691535585816133E-002
  -2.0873947026391219E-002
  -2.3867502795989388E-002
  -2.6645012791886313E-002
  -2.9181214513101891E-002
  -3.1453010254692215E-002
  -3.3439687218085004E-002
  -3.5123117629496672E-002
  -3.6487935962302528E-002
  -3.7521690483773650E-002
  -3.8214966602864379E-002
  -3.8561479883225364E-002
  -3.8558137091572089E-002
  -3.8205064250866033E-002
  -3.7505601325569057E-002
  -3.6466263840998152E-002
  -3.5096672387179055E-002
  -3.3409451539251143E-002
  -3.1420100208646981E-002
  -2.9146835800430450E-002
  -2.6610414783686892E-002
  -2.3833932388260017E-002
  -2.0842604138095248E-002
  -1.7663531843050140E-002
  -1.4325456524983914E-002
  -1.0858500578477518E-002
  -7.2939012859709494E-003
  -3.6637376402663233E-003
  -6.9606494416942942E-003
  -6.5220763612118833E-007
   6.9593372850305420E-003
   1.3856910370084149E-002
   2.0630192931644437E-002
   2.7218375292326798E-002
   3.3562235076073525E-002
   3.9604649823979397E-002
   4.5291096269169363E-002
   5.0570133194651888E-002
   5.5393864651338359E-002
   5.9718379989258205E-002
   6.3504166689030556E-002
   6.6716491451103116E-002
   6.9325744513039619E-002
   7.1307741832998026E-002
   7.2643979700607181E-002
   7.3321836584435460E-002
   7.3334717627162982E-002
   7.2682138138495320E-002
   7.1369743651835002E-002
   6.9409265509412399E-002
   6.6818412407385341E-002
   6.3620699749244822E-002
   5.9845219917503439E-002
   5.5526357600966483E-002
   5.0703455062240832E-002
   4.5420432687079001E-002
   3.9725370344147762E-002
   3.3670055044950367E-002
   2.7309500186978145E-002
   2.0701441351476946E-002
   1.3905813269802088E-002
   6.9842122187284156E-003
  -6.5220778619729849E-007
  -6.9855122515904864E-003
  -1.3907100541109961E-002
  -2.0702708602512141E-002
  -2.7310741899271389E-002
  -3.3671267888598179E-002
  -3.9726553419172445E-002
  -4.5421587550394348E-002
  -5.0704585560514326E-002
  -5.5527469552673264E-002
  -5.9846320700971831E-002
  -6.3621797854077802E-002
  -6.6819516993402606E-002
  -6.9410385993158796E-002
  -7.1370889312591335E-002
  -7.2683317713259268E-002
  -7.3335938856655000E-002
  -7.3323105685491594E-002
  -7.2645300773542421E-002
  -7.1309116257434052E-002
  -6.9327170428862162E-002
  -6.6717963447914669E-002
  -6.3505675826500227E-002
  -5.9719914237911523E-002
  -5.5395409782588848E-002
  -5.0571674071311169E-002
  -4.5292618408258080E-002
  -3.9606141038409134E-002
  -3.3563686964130569E-002
  -2.7219784343217479E-002
  -2.0631561054870559E-002
  -1.3858244732535928E-002
  -6.9606494416942942E-003
  -9.9361675299313463E-003
  -6.5216837742448816E-007
   9.9348498080821662E-003
   1.9781432423384433E-002
   2.9450950996185717E-002
   3.8856774742681364E-002
   4.7914527067949866E-002
   5.6542808840716677E-002
   6.4663900908485200E-002
   7.2204442737689847E-002
   7.9096084133062600E-002
   8.5276106448559624E-002
   9.0688008664450065E-002
   9.5282052406101478E-002
   9.9015758702351131E-002
  0.10185434829294740     
  0.10377111680614139     
  0.10474773627266253     
  0.10477447526935654     
  0.10385033145589109     
  0.10198307225842920     
   9.9189181772181473E-002
   9.5493714366252674E-002
   9.0930057744492115E-002
   8.5539610151815187E-002
   7.9371377894414744E-002
   7.2481500322528022E-002
   6.4932709934408347E-002
   5.6793735376518197E-002
   4.8138654940818634E-002
   3.9046207806232851E-002
   2.9599069844720639E-002
   1.9883100403512512E-002
   9.9865661478659822E-003
  -6.5216841318645097E-007
  -9.9878642522408870E-003
  -1.9884380433661444E-002
  -2.9600321750916193E-002
  -3.9047424279042238E-002
  -4.8139832027206314E-002
  -5.6794872699410748E-002
  -6.4933810508137541E-002
  -7.2482570018398570E-002
  -7.9372424671309172E-002
  -8.5540643215119921E-002
  -9.0931086815343357E-002
  -9.5494749214533034E-002
  -9.9190232083609733E-002
 -0.10198414778250048     
 -0.10385144225473070     
 -0.10477563180761661     
 -0.10474894909693595     
 -0.10377239567081223     
 -0.10185570077072088     
  -9.9017188513616600E-002
  -9.5283557845599637E-002
  -9.0689581548431250E-002
  -8.5277731937870249E-002
  -7.9097741629450075E-002
  -7.2206107845292536E-002
  -6.4665548245828264E-002
  -5.6544415316385224E-002
  -4.7916075119135294E-002
  -3.8858254996222377E-002
  -2.9452363859298947E-002
  -1.9782788252485670E-002
  -9.9361675299313463E-003
  -1.2631510985171629E-002
  -6.5216035281995155E-007
   1.2630186303388418E-002
   2.5148185440418653E-002
   3.7441494969154859E-002
   4.9400187265608908E-002
   6.0917191459405128E-002
   7.1889201646795853E-002
   8.2217555867153277E-002
   9.1809084204557689E-002
  0.10057692465276452     
  0.10844130422800856     
  0.11533028065207510     
  0.12118043737228305     
  0.12593752231772765     
  0.12955701903286301     
  0.13200463792407979     
  0.13325671542084183     
  0.13330050992953044     
  0.13213438550463946     
  0.12976787702045048     
  0.12622163399857692     
  0.12152724372815897     
  0.11572693748934360     
  0.10887318624038266     
  0.10102819391011196     
   9.2263297477529080E-002
   8.2658283453863543E-002
   7.2300630375107158E-002
   6.1284686611797812E-002
   4.9710792334282564E-002
   3.7684353960561696E-002
   2.5314878990944825E-002
   1.2714978908477613E-002
  -6.5216035078885262E-007
  -1.2716275127324064E-002
  -2.5316151812438476E-002
  -3.7685590686581776E-002
  -4.9711984196721661E-002
  -6.1285829582190740E-002
  -7.2301725358238797E-002
  -8.2659335840637255E-002
  -9.2264316105305652E-002
 -0.10102918957968515     
 -0.10887417007161695     
 -0.11572791952028476     
 -0.12152823219308152     
 -0.12622263558350849     
 -0.12976889808130249     
 -0.13213543383477394     
 -0.13330159634743549     
 -0.13325785437895260     
 -0.13200584658754980     
 -0.12955831477095034     
 -0.12593891910328336     
 -0.12118194198286217     
 -0.11533188967109537     
 -0.10844300264992814     
 -0.10057868651117798     
  -9.1810875215964038E-002
  -8.2219337726293154E-002
  -7.1890937355412146E-002
  -6.0918850898286102E-002
  -4.9401752110894807E-002
  -3.7442962035199444E-002
  -2.5149567670860087E-002
  -1.2631510985171629E-002
  -1.5083402410475252E-002
  -6.5216104883879092E-007
   1.5082069345265502E-002
   3.0030261888540497E-002
   4.4710586622555920E-002
   5.8992003915256157E-002
   7.2746880569297262E-002
   8.5852059595685426E-002
   9.8189891214295485E-002
  0.10964922697576406     
  0.12012637899451797     
  0.12952604364210535     
  0.13776218489158101     
  0.14475886820027309     
  0.15045103234540547     
  0.15478518437923802     
  0.15772000183828414     
  0.15922682643238129     
  0.15929003468093958     
  0.15790727345796779     
  0.15508955211597483     
  0.15086118741508073     
  0.14525960220924591     
  0.13833498298119051     
  0.13014980434727616     
  0.12077823046273498     
  0.11030540409825414     
   9.8826634418275605E-002
   8.6446494456052528E-002
   7.3277839046837531E-002
   5.9440753543308071E-002
   4.5061443052411804E-002
   3.0271071402504603E-002
   1.5204558850385800E-002
  -6.5216105181988727E-007
  -1.5205853167860691E-002
  -3.0272336946943729E-002
  -4.5062664567708660E-002
  -5.9441921001095945E-002
  -7.3278948625875182E-002
  -8.6447548739008589E-002
  -9.8827641786500400E-002
 -0.11030637727772158     
 -0.12077918423733028     
 -0.13015075271769358     
 -0.13833593645167275     
 -0.14526056618930067     
 -0.15086216263653038     
 -0.15509053735380449     
 -0.15790826987698472     
 -0.15929105024633983     
 -0.15922787850166489     
 -0.15772111653685383     
 -0.15478639249221182     
 -0.15045236273790402     
 -0.14476034064207821     
 -0.13776380427798021     
 -0.12952779703018080     
 -0.12012823598352310     
 -0.10965114318128756     
  -9.8191814153048784E-002
  -8.5853936155962457E-002
  -7.2748665160136908E-002
  -5.8993666184407149E-002
  -4.4712117352885737E-002
  -3.0031675585834961E-002
  -1.5083402410475252E-002
  -1.7323898897248568E-002
  -6.5216036834283309E-007
   1.7322555931728049E-002
   3.4491471336450127E-002
   5.1353183469085704E-002
   6.7757432513747329E-002
   8.3557871216763613E-002
   9.8613274430639983E-002
  0.11278869951284218     
  0.12595660568470962     
  0.13799793945338834     
  0.14880318759558572     
  0.15827339183789393     
  0.16632111292605001     
  0.17287132763155472     
  0.17786224031381567     
  0.18124599010572837     
  0.18298923499400579     
  0.18307359512196231     
  0.18149594016212026     
  0.17826851001547464     
  0.17341886403661114     
  0.16698966028685708     
  0.15903827156204831     
  0.14963624822482305     
  0.13886863923186685     
  0.12683318297559620     
  0.11363937957522204     
   9.9407456501395541E-002
   8.4267239723118906E-002
   6.8356942468797366E-002
   5.1821882997560770E-002
   3.4813141833926475E-002
   1.7486168440496257E-002
  -6.5216036477046253E-007
  -1.7487460821236273E-002
  -3.4814400050680268E-002
  -5.1823089410470015E-002
  -6.8358086014839406E-002
  -8.4268316884088035E-002
  -9.9408471469336734E-002
 -0.11364034373779694     
 -0.12683411346360646     
 -0.13886955606654519     
 -0.14963716999331161     
 -0.15903921052292996     
 -0.16699061880684279     
 -0.17341983449103543     
 -0.17826947927152345     
 -0.18149689776533706     
 -0.18307454228800851     
 -0.18299019061597138     
 -0.18124699085003632     
 -0.17786333417539740     
 -0.17287256292951228     
 -0.16632252636406708     
 -0.15827499923021379     
 -0.14880497941797327     
 -0.13799988148546158     
 -0.12595864369493354     
 -0.11279076665486597     
  -9.8615300441574530E-002
  -8.3559792859700735E-002
  -6.7759204393203487E-002
  -5.1354787428335040E-002
  -3.4492921827193046E-002
  -1.7323898897248568E-002
  -1.9380882965782404E-002
  -6.5216061574725812E-007
   1.9379528402859770E-002
   3.8587315657996224E-002
   5.7451885238562518E-002
   7.5805396462001462E-002
   9.3484391655734633E-002
  0.11033112464851634     
  0.12619482925866771     
  0.14093294546114771     
  0.15441231726264562     
  0.16651036558283694     
  0.17711622732346896     
  0.18613184302394703     
  0.19347297170010644     
  0.19907011126942856     
  0.20286930380758289     
  0.20483280515181601     
  0.20493959847686086     
  0.20318573320788882     
  0.19958447548289837     
  0.19416626408880311     
  0.18697847429586228     
  0.17808499864723276     
  0.16756565695147718     
  0.15551544786896165     
  0.14204365345112174     
  0.12727280770382154     
  0.11133754136356845     
   9.4383316744738294E-002
   7.6565067271578580E-002
   5.8045755386426479E-002
   3.8994860571255952E-002
   1.9586807860451368E-002
  -6.5216061442099818E-007
  -1.9588098241329028E-002
  -3.8996111371775513E-002
  -5.8046946941288743E-002
  -7.6566187917447542E-002
  -9.4384363325609566E-002
 -0.11133851914973894     
 -0.12727373032153472     
 -0.14204454224269109     
 -0.15551632917716721     
 -0.16756655625246375     
 -0.17808593241270043     
 -0.18697944284593362     
 -0.19416724974293195     
 -0.19958544882460769     
 -0.20318666658327578     
 -0.20494048182747487     
 -0.20483365730662956     
 -0.20287017378865851     
 -0.19907106842369252     
 -0.19347408831248797     
 -0.18613317593194711     
 -0.17711780460732357     
 -0.16651218129517240     
 -0.15441433348869266     
 -0.14093509890300920     
 -0.12619703983081748     
 -0.11033330534294103     
  -9.3486460316469677E-002
  -7.5807289676140130E-002
  -5.7453572376721170E-002
  -3.8588808745479458E-002
  -1.9380882965782404E-002
  -2.1278459884019774E-002
  -6.5216069219388437E-007
   2.1277091804661495E-002
   4.2365778994963167E-002
   6.3078106924122287E-002
   8.3230076676991005E-002
  0.10264251379761245     
  0.12114249544957004     
  0.13856470664211948     
  0.15475275684208847     
  0.16956047975413518     
  0.18285322032239493     
  0.19450909427504764     
  0.20442019445816959     
  0.21249371640232770     
  0.21865297916680343     
  0.22283832091404132     
  0.22500784873898566     
  0.22513802017640158     
  0.22322403353257594     
  0.21928000912919163     
  0.21333895368171668     
  0.20545251173309387     
  0.19569051655567904     
  0.18414035554341635     
  0.17090616291114410     
  0.15610784927400898     
  0.13987997702338179     
  0.12237049329195578     
  0.10373933657195322     
   8.4156935399969421E-002
   6.3802616153417438E-002
   4.2862933088307936E-002
   2.1529930563471928E-002
  -6.5216069249198872E-007
  -2.1531218801500693E-002
  -4.2864176204399224E-002
  -6.3803793059950778E-002
  -8.4158034624961603E-002
 -0.10374035549592439     
 -0.12237143732763532     
 -0.13988086040169501     
 -0.15610869645558281     
 -0.17090700726542413     
 -0.18414123219581646     
 -0.19569144978808647     
 -0.20545350207770161     
 -0.21333997247566755     
 -0.21928100629613689     
 -0.22322495807797646     
 -0.22513884565921766     
 -0.22500859218688787     
 -0.22283904588638773     
 -0.21865378097326590     
 -0.21249469579629732     
 -0.20442143079668887     
 -0.19451062783437487     
 -0.18285504753000534     
 -0.16956255855317706     
 -0.15475501620965251     
 -0.13856705580632062     
 -0.12114483263407602     
 -0.10264473761130977     
  -8.3232102712108250E-002
  -6.3079887812698118E-002
  -4.2367321110020575E-002
  -2.1278459884019774E-002
  -2.3037352341786641E-002
  -6.5216057891309920E-007
   2.3035968550418787E-002
   4.5868112581806092E-002
   6.8293244875439543E-002
   9.0112445868479635E-002
  0.11113203867378206     
  0.13116509479870056     
  0.15003285837203012     
  0.16756613860969005     
  0.18360670387494288     
  0.19800868036015584     
  0.21063993090779770     
  0.22138337646816958     
  0.23013822524292779     
  0.23682108467703875     
  0.24136693883765226     
  0.24372997302469288     
  0.24388422129304224     
  0.24182400857622718     
  0.23756416374396455     
  0.23113999349224693     
  0.22260702332976862     
  0.21204052297695117     
  0.19953483485913542     
  0.18520251825903619     
  0.16917331492237084     
  0.15159294079764582     
  0.13262171445987675     
  0.11243304134253210     
   9.1211777842855932E-002
   6.9152497202246338E-002
   4.6457671827475747E-002
   2.3335780374661587E-002
  -6.5216057965863304E-007
  -2.3337066198627424E-002
  -4.6458906656701236E-002
  -6.9153659423340688E-002
  -9.1212857462298028E-002
 -0.11243403671462542     
 -0.13262262986454704     
 -0.15159378850888863     
 -0.16917412036808180     
 -0.18520332198904638     
 -0.19953568475849010     
 -0.21204145585855216     
 -0.22260804350610844     
 -0.23114106121420069     
 -0.23756520391088398     
 -0.24182494013284678     
 -0.24388499571937289     
 -0.24373060372361680     
 -0.24136750656193778     
 -0.23682171589593812     
 -0.23013905373500548     
 -0.22138450565266221     
 -0.21064141166596931     
 -0.19801050881697974     
 -0.18360883275568185     
 -0.16756849110542404     
 -0.15003533710802491     
 -0.13116758687516980     
 -0.11113442413260234     
  -9.0114616263766059E-002
  -6.8295130987859595E-002
  -4.5869710958467223E-002
  -2.3037352341786641E-002
  -2.4675486477698037E-002
  -6.5216046593955089E-007
   2.4674084479362257E-002
   4.9130001190799903E-002
   7.3150412206710105E-002
   9.6522555741300434E-002
  0.11903931267215632     
  0.14050077067823791     
  0.16071569713788994     
  0.17950299437559711     
  0.19669318298481173     
  0.21212991273020979     
  0.22567146181111522     
  0.23719217096251949     
  0.24658376882357688     
  0.25375656497885096     
  0.25864050001061373     
  0.26118603953289993     
  0.26136488648943901     
  0.25917047613753696     
  0.25461822207299273     
  0.24774550005750942     
  0.23861137941651500     
  0.22729612633201579     
  0.21390050263124322     
  0.19854487161876730     
  0.18136811049271484     
  0.16252632719516269     
  0.14219138999381067     
  0.12054929315372516     
   9.7798390851229600E-002
   7.4147528034047699E-002
   4.9814084580913777E-002
   2.5021937870894895E-002
  -6.5216046787214402E-007
  -2.5023220846901284E-002
  -4.9815310073091049E-002
  -7.4148675110168052E-002
  -9.7799452855306293E-002
 -0.12055027021315934     
 -0.14219228371297649     
 -0.16252714441219659     
 -0.18136887434046370     
 -0.19854562933846018     
 -0.21390131823447536     
 -0.22729705493756988     
 -0.23861243395695894     
 -0.24774663040357564     
 -0.25461932375066815     
 -0.25917143074630883     
 -0.26136561717175621     
 -0.26118655419461961     
 -0.25864089977437205     
 -0.25375701330265626     
 -0.24658443716061171     
 -0.23719318752117166     
 -0.22567288498305149     
 -0.21213173419620099     
 -0.19669534855426068     
 -0.17950542398817881     
 -0.16071829241466468     
 -0.14050341287676504     
 -0.11904186487498206     
  -9.6524882309086055E-002
  -7.3152416075000865E-002
  -4.9131663948299403E-002
  -2.4675486477698037E-002
  -2.6208310261423649E-002
  -6.5216041039714796E-007
   2.6206887233256364E-002
   5.2182196518962207E-002
   7.7695380563082977E-002
  0.10252077739555072     
  0.12643875387290554     
  0.14923730785461700     
  0.17071357062707812     
  0.19067531313603669     
  0.20894251590095045     
  0.22534899538487460     
  0.23974402696636438     
  0.25199389005474715     
  0.26198328199150095     
  0.26961658118995568     
  0.27481896020384727     
  0.27753734408840891     
  0.27774118710966045     
  0.27542302250800377     
  0.27059874284144608     
  0.26330759352948679     
  0.25361189438640908     
  0.24159652319697603     
  0.22736819153044549     
  0.21105452247766149     
  0.19280292061948645     
  0.17277922210159022     
  0.15116612966896684     
  0.12816146175501564     
  0.10397625890413753     
   7.8832785430793445E-002
   5.2962444492848974E-002
   2.6603606445389512E-002
  -6.5216041543223409E-007
  -2.6604885943908183E-002
  -5.2963659043950458E-002
  -7.8833916318622563E-002
 -0.10397730531305681     
 -0.12816242683372159     
 -0.15116701059024557     
 -0.17278001586626376     
 -0.19280364363510946     
 -0.21105522747033384     
 -0.22736896220301164     
 -0.24159743977469639     
 -0.25361298452620873     
 -0.26330879823234599     
 -0.27059992390905596     
 -0.27542401632180763     
 -0.27774188164111036     
 -0.27753773984045094     
 -0.27481918241023207     
 -0.26961683681786786     
 -0.26198378496276414     
 -0.25199479330837654     
 -0.23974539181472324     
 -0.22535080345714525     
 -0.20894470377285551     
 -0.19067780063602127     
 -0.17071626549423041     
 -0.14924009241234978     
 -0.12644147675801348     
 -0.10252327245489971     
  -7.7697515959693569E-002
  -5.2183932762559115E-002
  -2.6208310261423649E-002
  -2.7649167022834112E-002
  -6.5216036809552742E-007
   2.7647719789602870E-002
   5.5051260601265251E-002
   8.1967686141845006E-002
  0.10815925914479410     
  0.13339464743252144     
  0.15745054332989214     
  0.18011317646042607     
  0.20117986023319367     
  0.22046064779412466     
  0.23778007958357175     
  0.25297893516442888     
  0.26591588839752361     
  0.27646900173743033     
  0.28453704765168214     
  0.29004067459494204     
  0.29292342499468221     
  0.29315257702797765     
  0.29071975204734374     
  0.28564123083957738     
  0.27795795600942713     
  0.26773524220416173     
  0.25506224134115268     
  0.24005120175480577     
  0.22283652816424121     
  0.20357362003248258     
  0.18243746249467280     
  0.15962096987656288     
  0.13533311847037180     
  0.10979692663827594     
   8.3247332201615537E-002
   5.5928987223282087E-002
   2.8093962290017319E-002
  -6.5216037780640970E-007
  -2.8095237458394033E-002
  -5.5930188586435815E-002
  -8.3248445136971411E-002
 -0.10979795937435614     
 -0.13533407894374405     
 -0.15962184890273132     
 -0.18243824191039396     
 -0.20357430388036565     
 -0.22283717267782943     
 -0.24005191405111717     
 -0.25506313456089419     
 -0.26773636609196194     
 -0.27795924500070041     
 -0.28564250863466051     
 -0.29072080131723077     
 -0.29315324314395075     
 -0.29292369912216959     
 -0.29004071041799967     
 -0.28453710290795498     
 -0.27646933780466254     
 -0.26591668213652703     
 -0.25298024474295683     
 -0.23778186951633237     
 -0.22046284249411929     
 -0.20118238317190576     
 -0.18011595014209281     
 -0.15745345966415855     
 -0.13339754399353154     
 -0.10816193573148515     
  -8.1969968239327257E-002
  -5.5053080509419157E-002
  -2.7649167022834112E-002
  -2.9009691742396215E-002
  -6.5216029750832803E-007
   2.9008216769879868E-002
   5.7760354780203402E-002
   8.6001803986162653E-002
  0.11348347510962559     
  0.13996305383704538     
  0.16520661615522558     
  0.18899013223219993     
  0.21110104330909843     
  0.23134000501960472     
  0.24952276408897747     
  0.26548204584883622     
  0.27906931907048105     
  0.29015636203416761     
  0.29863662957544224     
  0.30442646147345470     
  0.30746615583048603     
  0.30772087765626921     
  0.30518132784555729     
  0.29986409722423790     
  0.29181167625845500     
  0.28109215137383409     
  0.26779865220608901     
  0.25204860000390100     
  0.23398276031534126     
  0.21376406076369819     
  0.19157613008824254     
  0.16762155204479801     
  0.14211988056884936     
  0.11530549334717614     
   8.7425349122321916E-002
   5.8736670830939440E-002
   2.9504535912916029E-002
  -6.5216031313058972E-007
  -2.9505805663697746E-002
  -5.8737856075657617E-002
  -8.7426441547937689E-002
 -0.11530651414644490     
 -0.14212084477971218     
 -0.16762244206330690     
 -0.19157690636330230     
 -0.21376470813925713     
 -0.23398333578108138     
 -0.25204923794883932     
 -0.26779950746322917     
 -0.28109330434973495     
 -0.29181305787804723     
 -0.29986548865592394     
 -0.30518244892825497     
 -0.30772152313865914     
 -0.30746630558337656     
 -0.30442630257462411     
 -0.29863647854683822     
 -0.29015653291842675     
 -0.27907001114333951     
 -0.26548330666160369     
 -0.24952453258787149     
 -0.23134218994869432     
 -0.21110357613938685     
 -0.18899296035084709     
 -0.16520965111588271     
 -0.13996612633903682     
 -0.11348634712269141     
  -8.6004249435034277E-002
  -5.7762269634956342E-002
  -2.9009691742396215E-002
  -3.0299995875881093E-002
  -6.5216021353149344E-007
   3.0298489245528745E-002
   6.0329607342602225E-002
   8.9827694635313662E-002
  0.11853294537032184     
  0.14619269546355940     
  0.17256301176240421     
  0.19741016741244607     
  0.22051224001682079     
  0.24166094539226673     
  0.26066365347185333     
  0.27734541991037764     
  0.29155086062789448     
  0.30314578047248342     
  0.31201857236988734     
  0.31808145726551784     
  0.32127160919484127     
  0.32155213357593621     
  0.31891280270067413     
  0.31337044974325085     
  0.30496898363389391     
  0.29377906770119694     
  0.27989754831897273     
  0.26344669815173166     
  0.24457327230730544     
  0.22344731686430899     
  0.20026066303015791     
  0.17522509228137154     
  0.14857023112497647     
  0.12054127663340097     
   9.1396637227235386E-002
   6.1405512814392771E-002
   3.0845381314600892E-002
  -6.5216023648259569E-007
  -3.0846644306542666E-002
  -6.1406678266046753E-002
  -9.1397705704021698E-002
 -0.12054228697147197     
 -0.14857120836879745     
 -0.17522600822671835     
 -0.20026144959891951     
 -0.22344793163561227     
 -0.24457376947174922     
 -0.26344724336004399     
 -0.27989834786069728     
 -0.29378024244878731     
 -0.30497046480187889     
 -0.31337197144604828     
 -0.31891401213981735     
 -0.32155276621975049     
 -0.32127163163362416     
 -0.31808109555067993     
 -0.31201821062680024     
 -0.30314579088690330     
 -0.29155146271092464     
 -0.27734664172155754     
 -0.26066539853850978     
 -0.24166310270937857     
 -0.22051475403140616     
 -0.19741302200509181     
 -0.17256614973307721     
 -0.14619594560841759     
 -0.11853602775606321     
  -8.9830321715762260E-002
  -6.0331629616698808E-002
  -3.0299995875881093E-002
  -3.1528942529310204E-002
  -6.5216013719124766E-007
   3.1527399903672558E-002
   6.2776661213160737E-002
   9.3471619150873028E-002
  0.12334231067516760     
  0.15212628096157965     
  0.17957012372383327     
  0.20543090796555957     
  0.22947778883118197     
  0.25149393651061980     
  0.27127870346325422     
  0.28864981004222140     
  0.30344532918386558     
  0.31552536783845048     
  0.32477348375926640     
  0.33109794575180163     
  0.33443290730349123     
  0.33473945872746147     
  0.33200643527670526     
  0.32625085362344791     
  0.31751792906778364     
  0.30588073151436124     
  0.29143959387769874     
  0.27432135547010350     
  0.25467843273589880     
  0.23268763030494083     
  0.20854859712456378     
  0.18248190271806072     
  0.15472680730094579     
  0.12553885653372587     
   9.5187408823175196E-002
   6.3953121244166314E-002
   3.2125342694127361E-002
  -6.5216016979561573E-007
  -3.2126597309713290E-002
  -6.3954262414626442E-002
  -9.5188448935242975E-002
 -0.12553985756117947     
 -0.15472780784290677     
 -0.18248286167879246     
 -0.20854940980127887     
 -0.23268821764802436     
 -0.25467884173584532     
 -0.27432178717091416     
 -0.29144031682924221     
 -0.30588191814237686     
 -0.31751951543380214     
 -0.32625252212989764     
 -0.33200774992068516     
 -0.33474008633926750     
 -0.33443279916638996     
 -0.33109737315341070     
 -0.32477290812616166     
 -0.31552522530315474     
 -0.30344585665091522     
 -0.28865100576911812     
 -0.27128042427083132     
 -0.25149604697858530     
 -0.22948025201239930     
 -0.20543375739822931     
 -0.17957334664930408     
 -0.15212971002924752     
 -0.12334561963063022     
  -9.3474447961622631E-002
  -6.2778804685506673E-002
  -3.1528942529310204E-002
  -3.2704361938139324E-002
  -6.5216013277074766E-007
   3.2702778536090951E-002
   6.5117102982778577E-002
   9.6956777758029924E-002
  0.12794217478629580     
  0.15780154344259606     
  0.18627247804851144     
  0.21310327525361755     
  0.23805454943243484     
  0.26090126300231109     
  0.28143505908800126     
  0.29946661257993312     
  0.31482772574537227     
  0.32737305190412513     
  0.33698151440822111     
  0.34355757554600985     
  0.34703245618551820     
  0.34736526719490041     
  0.34454389748070596     
  0.33858549580371528     
  0.32953648682015041     
  0.31747219817170036     
  0.30249624600431169     
  0.28473978355650664     
  0.26436059804448642     
  0.24154193655910194     
  0.21649093096936126     
  0.18943658425438215     
  0.16062741030990302     
  0.13032889397375472     
   9.8820907435350269E-002
   6.6395110960278933E-002
   3.3352263417446716E-002
  -6.5216017761445617E-007
  -3.3353507748853345E-002
  -6.6396222504677332E-002
  -9.8821913731265476E-002
 -0.13032988647644564     
 -0.16062844539416599     
 -0.18943760553331870     
 -0.21649178803108005     
 -0.24154250302651822     
 -0.26436090844452342     
 -0.28474007861757045     
 -0.30249686841936563     
 -0.31747338432142386     
 -0.32953818292321924     
 -0.33858732771177202     
 -0.34454533459377168     
 -0.34736589759935466     
 -0.34703221378338689     
 -0.34355678384091354     
 -0.33698072275739094     
 -0.32737276655800079     
 -0.31482819751175556     
 -0.29946779815871805     
 -0.28143675585317346     
 -0.26090330586667559     
 -0.23805692636203080     
 -0.21310608419662005     
 -0.18627576549552383     
 -0.15780515242518073     
 -0.12794572792405345     
  -9.6959830358913784E-002
  -6.5119382822512215E-002
  -3.2704361938139324E-002
  -3.3833167412027861E-002
  -6.5216010838121364E-007
   3.3831537978955592E-002
   6.7364693628375702E-002
  0.10030365307300197     
  0.13235955688464066     
  0.16325179772138518     
  0.19270938993339221     
  0.22047223599933385     
  0.24629273863291856     
  0.26993794027474538     
  0.29119203731305632     
  0.30985890948034678     
  0.32576432747483053     
  0.33875770759811064     
  0.34871351641903681     
  0.35553253622722020     
  0.35914312872798165     
  0.35950245248618207     
  0.35659743943160194     
  0.35044532526162697     
  0.34109366013156656     
  0.32861989937993302     
  0.31313076250478550     
  0.29476149181381972     
  0.27367498757667896     
  0.25006066173640606     
  0.22413283841008605     
  0.19612864836739816     
  0.16630553145097279     
  0.13493855674726202     
  0.10231773030199727     
   6.8745320004667584E-002
   3.4533094664863755E-002
  -6.5216016631686180E-007
  -3.4534326498343496E-002
  -6.8746395675636687E-002
 -0.10231869623790489     
 -0.13493954112007422     
 -0.16630661333698510     
 -0.19612975357409787     
 -0.22413376069992955     
 -0.25006121531729814     
 -0.27367518836339400     
 -0.29476162469774719     
 -0.31313125734517144     
 -0.32862107028138726     
 -0.34109546953926934     
 -0.35044733740768219     
 -0.35659901682285577     
 -0.35950309355062771     
 -0.35914274785654043     
 -0.35553151688142787     
 -0.34871250751315946     
 -0.33875729208332567     
 -0.32576476592360648     
 -0.30986010379736967     
 -0.29119371119155424     
 -0.26993989311430217     
 -0.24629499033389027     
 -0.22047496532315397     
 -0.19271271909012869     
 -0.16325558743013660     
 -0.13236337340162324     
 -0.10030695364620934     
  -6.7367126494583415E-002
  -3.3833167412027861E-002
  -3.4921541880350876E-002
  -6.5216004886290952E-007
   3.4919860622861114E-002
   6.9531739612421137E-002
  0.10353056214761412     
  0.13661861939087164     
  0.16850683735171168     
  0.19891602207119102     
  0.22757801246642012     
  0.25423728150317232     
  0.27865319416334117     
  0.30060272146676414     
  0.31988316269937861     
  0.33631446642395429     
  0.34974100389693452     
  0.36003294168213817     
  0.36708749099650040     
  0.37083021410427724     
  0.37121633597372894     
  0.36823181916249803     
  0.36189394648762191     
  0.35225132143914251     
  0.33938341369641467     
  0.32339988683501053     
  0.30443987175625464     
  0.28267115292350842     
  0.25828906368630011     
  0.23151486933247020     
  0.20259356689356292     
  0.17179124161376969     
  0.13939224090875604     
  0.10569637524540212     
   7.1016177026668612E-002
   3.5674079988970750E-002
  -6.5216012257809549E-007
  -3.5675296768321936E-002
  -7.1017209566138689E-002
 -0.10569729305336911     
 -0.13939321710587560     
 -0.17179238369088615     
 -0.20259478020879632     
 -0.23151588055393557     
 -0.25828961397483235     
 -0.28267123245908282     
 -0.30443981429936612     
 -0.32340022372065763     
 -0.33938455204706780     
 -0.35225324682296966     
 -0.36189615615567144     
 -0.36823355538217495     
 -0.37121699566381505     
 -0.37082968993766741     
 -0.36708623499226545     
 -0.36003171507510184     
 -0.34974047341497277     
 -0.33631489757679373     
 -0.31988438773441258     
 -0.30060437451594407     
 -0.27865503261352387     
 -0.25423936500862010     
 -0.22758061884058525     
 -0.19891936755263032     
 -0.16851080849547717     
 -0.13662272034533315     
 -0.10353413731247947     
  -6.9534343863694059E-002
  -3.4921541880350876E-002
  -3.5975045142646697E-002
  -6.5216001132244932E-007
   3.5973305662163967E-002
   7.1629306385898428E-002
  0.10665397424794956     
  0.14074108707901187     
  0.17359345119465824     
  0.20492399387983043     
  0.23445677867434730     
  0.26192858805490116     
  0.28709131078200339     
  0.30971487625244948     
  0.32959018576161825     
  0.34653154856315016     
  0.36037846084406988     
  0.37099692714721194     
  0.37828068028854461     
  0.38215252972160663     
  0.38256577715465717     
  0.37950540122716214     
  0.37298869660638723     
  0.36306525839683296     
  0.34981647212728523     
  0.33335480432798925     
  0.31382309536546227     
  0.29139381043426699     
  0.26626799129405121     
  0.23867362905482681     
  0.20886336557615096     
  0.17711169383718450     
  0.14371197802983637     
  0.10897354915993042     
   7.3218908394717244E-002
   3.6780859306899429E-002
  -6.5216010383510555E-007
  -3.6782058096670484E-002
  -7.3219889425681889E-002
 -0.10897440971870918     
 -0.14371294552222480     
 -0.17711291075086694     
 -0.20886471402766774     
 -0.23867475606982511     
 -0.26626854964840613     
 -0.29139375638755610     
 -0.31382281652737881     
 -0.33335494925992076     
 -0.34981755795274644     
 -0.36306730159986267     
 -0.37299112173646826     
 -0.37950731576451513     
 -0.38256646359233776     
 -0.38215185671218432     
 -0.37827917796682953     
 -0.37099548311215469     
 -0.36037783324763817     
 -0.34653200228714920     
 -0.32959146675676632     
 -0.30971651140188339     
 -0.28709300824790707     
 -0.26193045595437092     
 -0.23445921414152987     
 -0.20492732751450254     
 -0.17359760444944489     
 -0.14074549566685046     
 -0.10665785337909427     
  -7.1632102293066005E-002
  -3.5975045142646697E-002
  -3.6998700162916620E-002
  -6.5215997170898991E-007
   3.6996895387170110E-002
   7.3667390161210475E-002
  0.10968876650434897     
  0.14474658423125358     
  0.17853583896095448     
  0.21076187159055226     
  0.24114122048570727     
  0.26940317810187581     
  0.29529232029412505     
  0.31857168399255181     
  0.33902592555239153     
  0.35646387380436578     
  0.37072030018921609     
  0.38165716825139934     
  0.38916481001881142     
  0.39316331623581124     
  0.39360406735994169     
  0.39047104107138214     
  0.38378151248749642     
  0.37358601597993457     
  0.35996776772207073     
  0.34304191207587292     
  0.32295483841612316     
  0.29988351156071363     
  0.27403449590175505     
  0.24564232543141701     
  0.21496710205993144     
  0.18229152804823895     
  0.14791776320294422     
  0.11216441648168107     
   7.5363705021407365E-002
   3.7858552667187600E-002
  -6.5216008277689694E-007
  -3.7859730114607013E-002
  -7.5364624937205874E-002
 -0.11216520918680301     
 -0.14791872094119971     
 -0.18229283583896608     
 -0.21496861581366736     
 -0.24564359856738441     
 -0.27403507559760037     
 -0.29988331081655678     
 -0.32295430399796221     
 -0.34304182712922093     
 -0.35996877821730633     
 -0.37358817807795408     
 -0.38378417188613373     
 -0.39047315455626502     
 -0.39360478888331640     
 -0.39316248801685200     
 -0.38916305093279235     
 -0.38165550773311419     
 -0.37071959611009264     
 -0.35646438405704811     
 -0.33902729120846875     
 -0.31857330502117881     
 -0.29529384764730199     
 -0.26940477805655050     
 -0.24114343200316354     
 -0.21076516218491370     
 -0.17854017503215314     
 -0.14475132606706168     
 -0.10969298205921317     
  -7.3670400127145680E-002
  -3.6998700162916620E-002
  -3.7997108532011784E-002
  -6.5215991367184137E-007
   3.7995230629245334E-002
   7.5655147662188948E-002
  0.11264856578308591     
  0.14865308550590964     
  0.18335616707806626     
  0.21645582425923968     
  0.24766128601884513     
  0.27669451941111711     
  0.30329291523426627     
  0.32721273473231394     
  0.34823251513471060     
  0.36615574193452644     
  0.38081259443547039     
  0.39206110074742445     
  0.39978825557579517     
  0.40391145285741376     
  0.40438014537421541     
  0.40117728993821883     
  0.39432011401522521     
  0.38386004742379504     
  0.36988206379332272     
  0.35250387440671438     
  0.33187527360805918     
  0.30817756454919293     
  0.28162267308627076     
  0.25245152298717533     
  0.22093152549989503     
  0.18735343016619649     
  0.15202800858732946     
  0.11528294305840533     
   7.7459953401437853E-002
   3.8911876310116042E-002
  -6.5216004685662972E-007
  -3.8913028598176878E-002
  -7.7460801229224399E-002
 -0.11528365566334572     
 -0.15202895496051930     
 -0.18735484644940173     
 -0.22093323822974553     
 -0.25245297642364167     
 -0.28162328950512555     
 -0.30817720308288415     
 -0.33187444587848036     
 -0.35250351731751711     
 -0.36988297309105472     
 -0.38386232877020277     
 -0.39432302759343157     
 -0.40117962437790128     
 -0.40438091060920389     
 -0.40391046213180282     
 -0.39978622833228594     
 -0.39205922534090293     
 -0.38081183749218139     
 -0.36615634712056289     
 -0.34823399790025689     
 -0.32721434626766971     
 -0.30329424044115638     
 -0.27669579353651302     
 -0.24766321486232049     
 -0.21645903727801705     
 -0.18336068675839334     
 -0.14865818896274133     
 -0.11265315370676454     
  -7.5658396495669869E-002
  -3.7997108532011784E-002
  -3.8974508555550035E-002
  -6.5215988701766873E-007
   3.8972548818231673E-002
   7.7601011529023059E-002
  0.11554592017280815     
  0.15247714182682862     
  0.18807484697109308     
  0.22202995207099008     
  0.25404456115259177     
  0.28383344702850316     
  0.31112690969728174     
  0.33567452084477334     
  0.35724879899458495     
  0.37564800355605693     
  0.39069783844552020     
  0.40225248785747281     
  0.41019565926550738     
  0.41444205966294884     
  0.41493919906932070     
  0.41166899027515613     
  0.40464858785216995     
  0.39393028114784084     
  0.37960073903999536     
  0.36178014144394194     
  0.34062155796701926     
  0.31631048628559760     
  0.28906407484287655     
  0.25912951174223525     
  0.22678139881296880     
  0.19231840505433379     
  0.15605976476691394     
  0.11834206400016312     
   7.9516348423028613E-002
   3.9945199352242368E-002
  -6.5216004588156350E-007
  -3.9946322131954821E-002
  -7.9517111625409781E-002
 -0.11834268238207267     
 -0.15606069753313800     
 -0.19231994926822715     
 -0.22678334822878254     
 -0.25913118407781477     
 -0.28906474576958741     
 -0.31630994901407061     
 -0.34062039514280584     
 -0.36177946500277125     
 -0.37960151782945695     
 -0.39393268136475573     
 -0.40465177689214082     
 -0.41167156934231369     
 -0.41494001701882438     
 -0.41444089806823464     
 -0.41019335134892276     
 -0.40225039983991268     
 -0.39069705560398216     
 -0.37564874709708967     
 -0.35725043553404734     
 -0.33567612841096711     
 -0.31112799732670210     
 -0.28383433103257533     
 -0.25404614205998344     
 -0.22203304915087591     
 -0.18807955117696543     
 -0.15248263847198584     
 -0.11555092043682440     
  -7.7604526813802727E-002
  -3.8974508555550035E-002
  -3.9934844278758319E-002
  -6.5215981621520355E-007
   3.9932792977676983E-002
   7.9512827523837162E-002
  0.11839250298212398     
  0.15623414926252505     
  0.19271086650129515     
  0.22750667758476315     
  0.26031671729736738     
  0.29084866367097084     
  0.31882578779469894     
  0.34399102842531881     
  0.36611096183839853     
  0.38497872050388882     
  0.40041563554240195     
  0.41227212597931989     
  0.42042864936471924     
  0.42479722353726673     
  0.42532339162497834     
  0.42198799558523653     
  0.41480809437192145     
  0.40383680841580999     
  0.38916244980267556     
  0.37090758002478624     
  0.34922842668319326     
  0.32431455354477051     
  0.29638821307973856     
  0.26570275826162271     
  0.23253989316387302     
  0.19720611091467413     
  0.16002899208108451     
  0.12135388948635371     
   8.1541031710012979E-002
   4.0962613304321320E-002
  -6.5215999952762543E-007
  -4.0963701606827323E-002
  -8.1541695928066343E-002
 -0.12135439734102800     
 -0.16002990827264360     
 -0.19720780463344847     
 -0.23254212168828411     
 -0.26570469324722990     
 -0.29638895909525365     
 -0.32431382414705795     
 -0.34922688226689774     
 -0.37090653128892037     
 -0.38916306481494906     
 -0.40383932634632269     
 -0.41481158183202277     
 -0.42199084496040679     
 -0.42532427177389676     
 -0.42479588148228337     
 -0.42042604693603819     
 -0.41226982838414877     
 -0.40041485761325024     
 -0.38497965160188696     
 -0.36611279366106364     
 -0.34399263852799344     
 -0.31882659840296246     
 -0.29084908575648999     
 -0.26031787736737999     
 -0.22750961589713672     
 -0.19271575629876561     
 -0.15624007439426968     
 -0.11839796025751825     
  -7.9516640081718937E-002
  -3.9934844278758319E-002
  -4.0881834166365538E-002
  -6.5215977802560493E-007
   4.0879680386783870E-002
   8.1397991193429373E-002
  0.12119931615821199     
  0.15993861743957644     
  0.19728212113001095     
  0.23290713690120574     
  0.26650195926110021     
  0.29776724037147523     
  0.32641925254194343     
  0.35219432933597750     
  0.37485315828773297     
  0.39418382740143260     
  0.41000338495847116     
  0.42215855193167795     
  0.43052656094644481     
  0.43501672624291293     
  0.43557259040769941     
  0.43217389363750786     
  0.42483757874959560     
  0.41361757593899234     
  0.39860379792684303     
  0.37992111070132351     
  0.35772879328866392     
  0.33222036061456506     
  0.30362306930390814     
  0.27219636249290990     
  0.23822898762151862     
  0.20203519805519871     
  0.16395083541601110     
  0.12432991309220331     
   8.3541731583622159E-002
   4.1968002376981686E-002
  -6.5215999178126582E-007
  -4.1969050515666018E-002
  -8.3542280349731601E-002
 -0.12433029159392196     
 -0.16395173123593823     
 -0.20203706534308141     
 -0.23823154314970918     
 -0.27219860985085209     
 -0.30362391421877866     
 -0.33221942132231824     
 -0.35772681531995720     
 -0.37991963010914370     
 -0.39860421135764795     
 -0.41362020959229184     
 -0.42484138960147910     
 -0.43217704138526175     
 -0.43557354283364486     
 -0.43501519272339090     
 -0.43052364862534159     
 -0.42215604864615963     
 -0.41000264717108659     
 -0.39418500190743838     
 -0.37485523245953956     
 -0.35219594955846800     
 -0.32641974198128482     
 -0.29776712000352340     
 -0.26650261671901504     
 -0.23290986844026890     
 -0.19728719776645234     
 -0.15994501068995939     
 -0.12120528056999838     
  -8.1402135603156039E-002
  -4.0881834166365538E-002
  -4.1819015079430748E-002
  -6.5215970139191972E-007
   4.1816746538517302E-002
   8.3263535272139200E-002
  0.12397682020991814     
  0.16360434074875671     
  0.20180562492050094     
  0.23825142872189473     
  0.27262331032106990     
  0.30461493514183213     
  0.33393557528032947     
  0.36031495817989589     
  0.38350791391778638     
  0.40329755309667936     
  0.41949671989403187     
  0.43194849376691202     
  0.44052689546428220     
  0.44513850866102528     
  0.44572483164065901     
  0.44226446729459129     
  0.43477422372424651     
  0.42330882647258322     
  0.40795975524281858     
  0.38885411229522021     
  0.36615413060598390     
  0.34005717310180106     
  0.31079541795267002     
  0.27863434757862954     
  0.24386972276212937     
  0.20682352396811116     
  0.16783979879845151     
  0.12728114427055764     
   8.5525852142865427E-002
   4.2965088253251488E-002
  -6.5215994442422104E-007
  -4.2966089713135619E-002
  -8.5526266558269226E-002
 -0.12728137169244882     
 -0.16784066951007942     
 -0.20682559178478838     
 -0.24387265952080253     
 -0.27863696392127407     
 -0.31079638928367309     
 -0.34005600444770473     
 -0.36615166080459621     
 -0.38885213266016683     
 -0.40795992409793880     
 -0.42331157295772820     
 -0.43477838532487723     
 -0.44226794427685195     
 -0.44572586713056733     
 -0.44513677105286487     
 -0.44052365609732896     
 -0.43194578966526248     
 -0.41949606256770638     
 -0.40329903450737542     
 -0.38351028387088948     
 -0.36031659729035753     
 -0.33393569391415479     
 -0.30461418165391863     
 -0.27262337312528861     
 -0.23825389950047460     
 -0.20181088985591533     
 -0.16361124675552166     
 -0.12398334817938052     
  -8.3268050448771322E-002
  -4.1819015079430748E-002
  -4.2749794668189067E-002
  -6.5215969567445188E-007
   4.2747397482982237E-002
   8.5116233657150417E-002
  0.12673508862820754     
  0.16724460176395980     
  0.20629776136116892     
  0.24355891078285713     
  0.27870295209443369     
  0.31141657353575869     
  0.34140201353858446     
  0.36838236351149428     
  0.39210660552707149     
  0.41235292558100750     
  0.42893003266312624     
  0.44167741168170904     
  0.45046587281812722     
  0.45519922916993338     
  0.45581688003927723     
  0.45229625026206416     
  0.44465399639264497     
  0.43294563175787759     
  0.41726417792648296     
  0.39773891303538045     
  0.37453493405022675     
  0.34785335885240182     
  0.31793122059695800     
  0.28504001340756097     
  0.24948251016358458     
  0.21158841590703412     
  0.17170995866050900     
  0.13021827028738017     
   8.7500582222698228E-002
   4.3957484875678340E-002
  -6.5215997618351313E-007
  -4.3958432172071474E-002
  -8.7500840543046826E-002
 -0.13021832151056689     
 -0.17171079843807427     
 -0.21159071461824930     
 -0.24948588980697578     
 -0.28504306341943508     
 -0.31793235019381627     
 -0.34785193936990971     
 -0.37453190673588249     
 -0.39773635826069492     
 -0.41726405316799381     
 -0.43294848716933637     
 -0.44465853892806667     
 -0.45230009064376314     
 -0.45581801023127427     
 -0.45519727297303930     
 -0.45046228720080295     
 -0.44167451281760517     
 -0.42892950208736635     
 -0.41235478633403844     
 -0.39210933211568871     
 -0.36838403161986150     
 -0.34140170525469160     
 -0.31141508435708065     
 -0.27870231615469976     
 -0.24356105979492729     
 -0.20630321629322193     
 -0.16725207101368220     
 -0.12674224393733347     
  -8.5121163586159135E-002
  -4.2749794668189067E-002
  -4.3677499280848311E-002
  -6.5215964991519161E-007
   4.3674957674805386E-002
   8.6962696381453264E-002
  0.12948394883503894     
  0.17087235684706553     
  0.21077451226130980     
  0.24884847055029050     
  0.28476253518087680     
  0.31819639677510747     
  0.34884519346760251     
  0.37642532081227831     
  0.40067990057050157     
  0.42138223375399148     
  0.43833695475374646     
  0.45137999237502202     
  0.46037893589477819     
  0.46523477400739305     
  0.46588474039165373     
  0.46230503518454485     
  0.45451214820751018     
  0.44256238000609999     
  0.42655027721736488     
  0.40660724030154155     
  0.38290114613652754     
  0.35563678294382567     
  0.32505598730415258     
  0.29143626063807976     
  0.25508741594774831     
  0.21634691137924622     
  0.17557515916135963     
  0.13315180456746409     
   8.9472995243521022E-002
   4.4948748666366459E-002
  -6.5215996730507895E-007
  -4.4949633159428001E-002
  -8.9473072335838927E-002
 -0.13315165043366498     
 -0.17557596088041996     
 -0.21634947540226068     
 -0.25509130896916477     
 -0.29143981861375345     
 -0.32505731218457334     
 -0.35563508881152878     
 -0.38289748685991287     
 -0.40660402372750098     
 -0.42654980264360892     
 -0.44256533923876745     
 -0.45451710522277311     
 -0.46230927705351765     
 -0.46588597794572240     
 -0.46523258252342548     
 -0.46037498243369945     
 -0.45137690625247789     
 -0.43833660434088084     
 -0.42138455691067050     
 -0.40068305344527955     
 -0.37642702959134311     
 -0.34884439443047455     
 -0.31819405516938243     
 -0.28476108207606377     
 -0.24885022843164839     
 -0.21078015913854453     
 -0.17088044673322195     
 -0.12949180397149593     
  -8.6968091048111068E-002
  -4.3677499280848311E-002
  -4.4605415135454768E-002
  -6.5215921130808243E-007
   4.4602711084718159E-002
   8.8809451196336112E-002
  0.13223310323782789     
  0.17450039556514774     
  0.21525165443194466     
  0.25413875799771130     
  0.29082344656794579     
  0.32497836176390116     
  0.35629143978021355     
  0.38447228911447001     
  0.40925813692969593     
  0.43041742677723588     
  0.44775077231116883     
  0.46109057727523539     
  0.47030118807169874     
  0.47528070036678588     
  0.47596410232900077     
  0.47232631605477554     
  0.46438365103819806     
  0.45219320176845590     
  0.43585103136815861     
  0.41549061491820793     
  0.39128252928633234     
  0.36343515510794694     
  0.33219509489611992     
  0.29784587636407561     
  0.26070441095135000     
  0.22111597045804784     
  0.17944918470286217     
  0.13609221776987876     
   9.1450137463080186E-002
   4.5942422922179836E-002
  -6.5215953776720988E-007
  -4.5943234591152855E-002
  -9.1450004144403893E-002
 -0.13609182429241184     
 -0.17944993968322878     
 -0.22111883904435420     
 -0.26070889839821754     
 -0.29785002807848393     
 -0.33219665826414346     
 -0.36343315972350931     
 -0.39127815317283626     
 -0.41548663731817259     
 -0.43585014224884788     
 -0.45219625827826948     
 -0.46438906005930697     
 -0.47233100215352664     
 -0.47596546112228394     
 -0.47527825431063775     
 -0.47029684239130748     
 -0.46108731320106472     
 -0.44775066401684405     
 -0.43042030807896825     
 -0.40926179621298953     
 -0.38447405207217439     
 -0.35629007692073600     
 -0.32497503409043721     
 -0.29082104078150101     
 -0.25414004540189222     
 -0.21525749546418824     
 -0.17450917166063737     
 -0.13224174101488106     
  -8.8815367705642093E-002
  -4.4605415135454768E-002
  -4.5536827870875866E-002
  -6.5215986375951006E-007
   4.5533940635257314E-002
   9.0663021705526314E-002
  0.13499224506495375     
  0.17814149336390472     
  0.21974494860779700     
  0.25944841023332466     
  0.29690706897817404     
  0.33178643325462887     
  0.36376709775381477     
  0.39255175903028616     
  0.41787169287238723     
  0.43949050210520479     
  0.45720482886771752     
  0.47084357698526313     
  0.48026781647377875     
  0.48537266535469720     
  0.48609077158286457     
  0.48239571821464466     
  0.47430362240425511     
  0.46187238700013344     
  0.44519959109738549     
  0.42442074125567675     
  0.39970903637905952     
  0.37127637618680565     
  0.33937410479482411     
  0.30429181934515170     
  0.26635362016503011     
  0.22591268709589532     
  0.18334593137809060     
  0.13905006793838864     
   9.3439115571743045E-002
   4.6942081868512182E-002
  -6.5216028649049244E-007
  -4.6942809016153539E-002
  -9.3438737732150348E-002
 -0.13904939524797089     
 -0.18334662902588927     
 -0.22591590534963857     
 -0.26635879590518874     
 -0.30429666455152915     
 -0.33937595743886456     
 -0.37127404966719346     
 -0.39970384598970304     
 -0.42441588820201154     
 -0.44519821234172186     
 -0.46187553243003332     
 -0.47430952569815293     
 -0.48240089686536458     
 -0.48609226695707197     
 -0.48536994235771924     
 -0.48026305092770932     
 -0.47084014656882600     
 -0.45720503510101779     
 -0.43949405272589392     
 -0.41787595141221195     
 -0.39255359191219197     
 -0.36376508680916236     
 -0.33178196536719412     
 -0.29690355424209108     
 -0.25944913566723515     
 -0.21975098625644654     
 -0.17815103108217747     
 -0.13500176074874887     
  -9.0669525756909203E-002
  -4.5536827870875866E-002
  -4.6475074270661811E-002
  -6.5216032999409127E-007
   4.6471979948430754E-002
   9.2530030246572276E-002
  0.13777121116891827     
  0.18180861254639646     
  0.22427038645903924     
  0.26479634220489789     
  0.30303511291090318     
  0.33864495491398255     
  0.37129894095411509     
  0.40069269452378731     
  0.42655145982686604     
  0.44863400566055889     
  0.46673304874442706     
  0.48067401323663472     
  0.49031464741305741     
  0.49554698954039628     
  0.49630123602105153     
  0.49254956109567005     
  0.48430787913304529     
  0.47163492404429774     
  0.45462979869905684     
  0.43343000176939755     
  0.40821127651952355     
  0.37918897129989459     
  0.34661915997863885     
  0.31079757725102825     
  0.27205563685425610     
  0.23075455685647978     
  0.18727962530143227     
  0.14203616679563943     
   9.5447208823025390E-002
   4.7951387120675676E-002
  -6.5216083902283231E-007
  -4.7952016078457706E-002
  -9.5446546576248251E-002
 -0.14203516814042944     
 -0.18728025280889909     
 -0.23075817677483823     
 -0.27206160979347210     
 -0.31080323205215404     
 -0.34662136149965961     
 -0.37918627983629599     
 -0.40820515965544241     
 -0.43342414105042626     
 -0.45462784314324783     
 -0.47163814796980991     
 -0.48431432453399192     
 -0.49255528712712526     
 -0.49630288499700975     
 -0.49554396362900288     
 -0.49030943059626009     
 -0.48067043088932748     
 -0.46673365423164553     
 -0.44863835484812342     
 -0.42655642530524857     
 -0.40069461559593961     
 -0.37129618446964435     
 -0.33863916862192911     
 -0.30303030867829905     
 -0.26479639998775956     
 -0.22427662348233160     
 -0.18181899877828619     
 -0.13778171454225580     
  -9.2537197555066203E-002
  -4.6475074270661811E-002
